0 0.5015625 0.88046875 0.15625 0.2390625
1 0.41328125 0.87890625 0.059375 0.0875
1 0.38046875 0.3875 0.03125 0.04375
1 0.39765625 0.31015625 0.034375 0.04375
1 0.5671875 0.9625 0.06875 0.075
1 0.5421875 0.86484375 0.059375 0.1
1 0.9484375 0.73359375 0.05625 0.109375
1 0.7078125 0.6578125 0.09375 0.0765625
1 0.5328125 0.590625 0.078125 0.071875
1 0.51796875 0.4859375 0.0546875 0.08125
1 0.43125 0.5046875 0.046875 0.05625
1 0.4421875 0.446875 0.0421875 0.0578125
1 0.4875 0.41875 0.03125 0.0453125
1 0.32890625 0.57265625 0.0453125 0.0515625
1 0.325 0.5140625 0.040625 0.0625
1 0.27578125 0.56875 0.046875 0.053125
1 0.28046875 0.515625 0.0453125 0.0703125
1 0.228125 0.53828125 0.0453125 0.0609375
1 0.215625 0.63515625 0.0484375 0.0734375
1 0.35546875 0.2828125 0.0328125 0.0375
1 0.24609375 0.275 0.0375 0.0609375
1 0.359375 0.228125 0.0328125 0.0375
1 0.346875 0.178125 0.0296875 0.0375
1 0.375 0.14140625 0.0265625 0.046875
1 0.3421875 0.06953125 0.03125 0.0375
1 0.334375 0.03828125 0.01875 0.0296875
1 0.2921875 0.065625 0.021875 0.0359375