1 0.484375 0.70859375 0.065625 0.06640625
1 0.5984375 0.88203125 0.05234375 0.078125
1 0.5546875 0.60078125 0.07265625 0.05390625
1 0.271875 0.48828125 0.0296875 0.0515625
1 0.296875 0.6078125 0.03828125 0.065625
1 0.3796875 0.83828125 0.05078125 0.090625
1 0.459375 0.478125 0.0359375 0.05859375
1 0.56796875 0.975 0.053125 0.046875
1 0.2359375 0.596875 0.0453125 0.06796875
1 0.98046875 0.678125 0.0390625 0.05625
1 0.80234375 0.6484375 0.078125 0.05546875
1 0.7453125 0.621875 0.04921875 0.04609375
1 0.7203125 0.690625 0.065625 0.04453125
1 0.45625 0.3703125 0.0265625 0.02890625
1 0.31640625 0.5109375 0.025 0.06953125
1 0.2515625 0.346875 0.02109375 0.04296875
1 0.25078125 0.215625 0.0125 0.0359375
1 0.2015625 0.21015625 0.015625 0.040625
0 0.31640625 0.13203125 0.0359375 0.06953125
1 0.275 0.09921875 0.01328125 0.02890625
1 0.2890625 0.078125 0.00859375 0.02109375
1 0.22890625 0.0984375 0.0125 0.025
1 0.2390625 0.028125 0.01171875 0.01796875