1 0.484375 0.684375 0.0375 0.0609375
1 0.48515625 0.4296875 0.0296875 0.040625
1 0.4515625 0.37109375 0.025 0.0375
1 0.68125 0.6859375 0.0484375 0.059375
1 0.34609375 0.371875 0.025 0.0421875
1 0.3875 0.87109375 0.0421875 0.090625
1 0.2421875 0.60546875 0.034375 0.059375
1 0.31875 0.51875 0.034375 0.0578125
1 0.7875 0.6796875 0.090625 0.0609375
1 0.96796875 0.6171875 0.0640625 0.053125
1 0.20703125 0.2078125 0.0421875 0.0421875
1 0.221875 0.1515625 0.040625 0.028125
1 0.28359375 0.1328125 0.0203125 0.034375
1 0.253125 0.07421875 0.015625 0.021875