1 0.24921875 0.73515625 0.0375 0.090625
1 0.48046875 0.903125 0.0484375 0.078125
1 0.63359375 0.96796875 0.0546875 0.0609375
1 0.609375 0.896875 0.05078125 0.07890625
1 0.5015625 0.971875 0.05234375 0.053125
0 0.5453125 0.89453125 0.06953125 0.1609375
1 0.96796875 0.665625 0.0640625 0.0640625
1 0.33671875 0.5921875 0.034375 0.05703125
1 0.2921875 0.59921875 0.03203125 0.05390625
1 0.27109375 0.5421875 0.03125 0.0625
1 0.3140625 0.484375 0.03203125 0.059375
1 0.33828125 0.53828125 0.0359375 0.065625
1 0.4109375 0.28984375 0.0234375 0.0375