1 0.28984375 0.87265625 0.0609375 0.115625
1 0.40703125 0.15703125 0.0265625 0.0328125
1 0.53046875 0.89296875 0.065625 0.0859375
1 0.378125 0.39296875 0.034375 0.0453125
1 0.42109375 0.44765625 0.0359375 0.0484375
1 0.478125 0.36328125 0.0359375 0.04375
1 0.55 0.9734375 0.065625 0.053125
1 0.471875 0.90390625 0.0625 0.0953125
1 0.56953125 0.79140625 0.0625 0.090625
1 0.49140625 0.4171875 0.0375 0.0484375
1 0.4796875 0.54140625 0.05 0.053125
1 0.5984375 0.73515625 0.0640625 0.0796875
1 0.4703125 0.59609375 0.075 0.075
1 0.6984375 0.7296875 0.0671875 0.0625
1 0.58671875 0.63046875 0.078125 0.05
1 0.809375 0.68671875 0.0765625 0.053125
1 0.94296875 0.7546875 0.046875 0.0578125
1 0.2296875 0.5703125 0.0390625 0.065625
1 0.2390625 0.50390625 0.04375 0.0640625
1 0.275 0.48671875 0.03125 0.05625
1 0.29140625 0.52421875 0.0484375 0.08125
1 0.284375 0.57265625 0.0375 0.05625
1 0.33125 0.56015625 0.040625 0.0640625
1 0.33203125 0.51171875 0.034375 0.04375
1 0.32734375 0.471875 0.0421875 0.059375
1 0.36484375 0.27890625 0.0296875 0.0390625
1 0.39375 0.25234375 0.028125 0.0453125
1 0.3625 0.2421875 0.0296875 0.040625
1 0.36171875 0.05390625 0.01875 0.0328125
1 0.30078125 0.06171875 0.01875 0.0296875