0 0.478125 0.76953125 0.1453125 0.2984375
0 0.3296875 0.78671875 0.115625 0.265625
1 0.53828125 0.809375 0.0578125 0.078125
1 0.40546875 0.6703125 0.046875 0.0640625
1 0.45 0.5890625 0.0453125 0.065625
1 0.38203125 0.43359375 0.040625 0.0578125
1 0.3078125 0.2953125 0.0265625 0.040625
1 0.47109375 0.51171875 0.0359375 0.0484375
1 0.5046875 0.64453125 0.0515625 0.0765625
1 0.734375 0.7265625 0.0828125 0.065625
1 0.93515625 0.68828125 0.0875 0.071875
1 0.4296875 0.4828125 0.0421875 0.0515625
1 0.44453125 0.4125 0.0328125 0.046875
1 0.475 0.36796875 0.03125 0.0421875
1 0.434375 0.35625 0.034375 0.0375
1 0.41328125 0.3125 0.0296875 0.0453125
1 0.4203125 0.27265625 0.025 0.0390625
1 0.3671875 0.33671875 0.028125 0.0421875
1 0.35546875 0.25546875 0.0234375 0.03125
1 0.3765625 0.19140625 0.021875 0.0296875
1 0.42890625 0.18984375 0.0234375 0.034375
1 0.35234375 0.21171875 0.0296875 0.0359375
1 0.3484375 0.1875 0.021875 0.0234375
1 0.371875 0.17265625 0.021875 0.025
1 0.34609375 0.175 0.0203125 0.021875
1 0.35625 0.1015625 0.0265625 0.0390625
1 0.29296875 0.1328125 0.0203125 0.0328125
0 0.26953125 0.05703125 0.034375 0.0625
0 0.271875 0.00703125 0.03125 0.0140625