0 0.39453125 0.196875 0.0609375 0.1015625
0 0.2859375 0.7328125 0.1015625 0.3046875
1 0.3375 0.665625 0.0421875 0.078125
1 0.35078125 0.7671875 0.0515625 0.0921875
1 0.71015625 0.68671875 0.0765625 0.059375
1 0.2203125 0.690625 0.040625 0.078125
1 0.36640625 0.971875 0.05 0.04375
1 0.3625 0.40078125 0.0421875 0.05625
1 0.34296875 0.34765625 0.03125 0.0578125
1 0.32734375 0.29296875 0.01875 0.0328125
1 0.365625 0.30625 0.0296875 0.0421875
1 0.353125 0.26484375 0.0203125 0.03125
1 0.31953125 0.26484375 0.025 0.0359375
1 0.3796875 0.2453125 0.0234375 0.0390625
1 0.30703125 0.21640625 0.025 0.03125
1 0.25703125 0.1390625 0.0265625 0.028125
1 0.2390625 0.11640625 0.0296875 0.025
1 0.28671875 0.08125 0.0140625 0.0203125
1 0.27734375 0.0546875 0.0140625 0.0203125
1 0.25546875 0.0078125 0.0171875 0.015625
1 0.2890625 0.159375 0.025 0.0296875
1 0.3171875 0.1640625 0.0171875 0.0328125
0 0.34296875 0.20078125 0.046875 0.090625
1 0.36875 0.21015625 0.0171875 0.0296875