0 0.39375 0.24140625 0.0421875 0.090625
1 0.3984375 0.32890625 0.028125 0.034375
1 0.7328125 0.66875 0.084375 0.071875
1 0.27265625 0.92265625 0.046875 0.1328125
1 0.29296875 0.63828125 0.034375 0.0671875
1 0.32890625 0.54140625 0.03125 0.059375
1 0.2453125 0.67109375 0.034375 0.0609375
1 0.24609375 0.615625 0.0359375 0.053125
1 0.2484375 0.62734375 0.003125 0.0015625
1 0.26875 0.40390625 0.0234375 0.05625
1 0.21015625 0.38046875 0.0296875 0.0546875
0 0.19375 0.159375 0.0453125 0.0859375
1 0.32890625 0.20859375 0.025 0.05
1 0.2953125 0.21953125 0.0234375 0.0390625
1 0.278125 0.18125 0.028125 0.0234375
1 0.23046875 0.1578125 0.0296875 0.028125
1 0.2484375 0.05625 0.0140625 0.028125