1 0.13984375 0.2140625 0.046875 0.084375
1 0.29375 0.20234375 0.046875 0.065625
1 0.21171875 0.2984375 0.05625 0.1
1 0.52890625 0.64140625 0.0875 0.1328125
1 0.09296875 0.2171875 0.05 0.0828125
1 0.2875 0.525 0.0578125 0.1015625
1 0.4109375 0.4140625 0.0640625 0.09375
1 0.51953125 0.36796875 0.0640625 0.084375
1 0.575 0.46875 0.08125 0.1140625
1 0.43671875 0.23671875 0.059375 0.0796875
1 0.62734375 0.57265625 0.0796875 0.125
1 0.36328125 0.21328125 0.0484375 0.0671875
1 0.78359375 0.83359375 0.146875 0.1796875
1 0.11484375 0.065625 0.03125 0.0234375