1 0.346875 0.6515625 0.0328125 0.0671875
0 0.29140625 0.53046875 0.0359375 0.06875
1 0.38671875 0.85390625 0.0375 0.05
1 0.2578125 0.96953125 0.0375 0.0609375
1 0.2171875 0.6484375 0.025 0.04375
1 0.1671875 0.6640625 0.0234375 0.040625
1 0.365625 0.96328125 0.05 0.0640625
1 0.21484375 0.52265625 0.0203125 0.0375
1 0.19921875 0.59296875 0.025 0.0375
1 0.18671875 0.55703125 0.0140625 0.025
1 0.17421875 0.5265625 0.0140625 0.025
1 0.1703125 0.49453125 0.015625 0.01875
0 0.13515625 0.44296875 0.0234375 0.059375