1 0.25078125 0.75859375 0.028125 0.046875
1 0.21640625 0.653125 0.0234375 0.0359375
1 0.30546875 0.95078125 0.0296875 0.075
1 0.55625 0.8546875 0.05 0.0484375
1 0.19765625 0.5984375 0.0171875 0.0265625
1 0.22734375 0.55703125 0.0125 0.025
1 0.240625 0.53125 0.015625 0.0203125
1 0.23203125 0.51953125 0.0140625 0.0171875
1 0.21953125 0.5484375 0.01875 0.0234375
1 0.18515625 0.559375 0.0171875 0.0203125
1 0.17421875 0.5359375 0.0125 0.025
0 0.21328125 0.4515625 0.028125 0.053125
0 0.21328125 0.52421875 0.0234375 0.0390625