1 0.25859375 0.3328125 0.03125 0.0484375
1 0.4 0.7578125 0.065625 0.0859375
1 0.39140625 0.5109375 0.0375 0.053125
1 0.4328125 0.42421875 0.028125 0.0421875
1 0.23828125 0.59140625 0.0359375 0.0640625
1 0.5171875 0.5765625 0.0609375 0.053125
1 0.821875 0.68828125 0.065625 0.0578125
1 0.91328125 0.69296875 0.078125 0.0484375
1 0.97890625 0.6796875 0.0328125 0.0703125
1 0.6359375 0.671875 0.065625 0.0484375
1 0.66015625 0.6265625 0.0734375 0.05625
1 0.4859375 0.92265625 0.0484375 0.071875
1 0.54296875 0.93359375 0.040625 0.084375
1 0.59296875 0.890625 0.0625 0.09375
1 0.615625 0.98515625 0.034375 0.0296875
1 0.31015625 0.203125 0.015625 0.0265625
1 0.31328125 0.16171875 0.01875 0.0328125
1 0.30859375 0.0875 0.0125 0.021875
1 0.27734375 0.0578125 0.0125 0.0140625
0 0.365625 0.26484375 0.025 0.0609375
0 0.56484375 0.9796875 0.0671875 0.040625
1 0.4265625 0.4921875 0.0296875 0.0515625
1 0.48828125 0.42890625 0.0265625 0.04375
1 0.50234375 0.4703125 0.0265625 0.0328125
1 0.459375 0.371875 0.021875 0.028125