0 0.6921875 0.7609375 0.2890625 0.459375
1 0.3328125 0.36796875 0.0625 0.0921875
1 0.45625 0.63984375 0.084375 0.1375
1 0.48359375 0.55390625 0.0765625 0.115625
1 0.6234375 0.57421875 0.0625 0.09375
1 0.57734375 0.471875 0.0734375 0.109375
1 0.5125 0.46953125 0.0640625 0.103125
1 0.4234375 0.4453125 0.0703125 0.0984375
1 0.525 0.371875 0.059375 0.078125
1 0.4546875 0.35546875 0.0546875 0.075
1 0.4515625 0.23203125 0.0484375 0.0640625
1 0.48671875 0.30234375 0.0578125 0.075
1 0.41875 0.2734375 0.05625 0.0828125
1 0.36640625 0.3171875 0.0515625 0.078125
1 0.36484375 0.19375 0.05 0.075
1 0.32734375 0.2140625 0.0640625 0.1171875
1 0.2671875 0.209375 0.0484375 0.0734375
1 0.2203125 0.08984375 0.0390625 0.05625
1 0.26640625 0.0921875 0.0375 0.053125
1 0.290625 0.15078125 0.0421875 0.0546875
1 0.24296875 0.14921875 0.0421875 0.05625
0 0.3234375 0.0875 0.1 0.1453125
1 0.16796875 0.04765625 0.0375 0.0328125