0 0.2796875 0.54453125 0.065625 0.1640625
0 0.66640625 0.68125 0.0671875 0.0984375
1 0.45078125 0.46796875 0.0296875 0.04453125
1 0.534375 0.89453125 0.040625 0.06953125
1 0.3046875 0.22265625 0.02421875 0.03203125
1 0.38515625 0.38203125 0.0265625 0.0359375
1 0.50703125 0.5734375 0.0515625 0.046875
1 0.29375 0.115625 0.01640625 0.025
1 0.6078125 0.8953125 0.05234375 0.08203125
1 0.321875 0.290625 0.02109375 0.03203125
1 0.3703125 0.309375 0.03046875 0.0359375
1 0.55859375 0.96953125 0.0546875 0.05859375
1 0.934375 0.6765625 0.08671875 0.04453125
1 0.99140625 0.659375 0.0171875 0.08359375
1 0.76796875 0.675 0.0703125 0.0609375
1 0.6328125 0.75546875 0.02890625 0.06640625
1 0.64140625 0.9765625 0.040625 0.046875
1 0.25 0.75078125 0.040625 0.090625
1 0.2421875 0.68046875 0.03671875 0.08359375
1 0.2234375 0.559375 0.01796875 0.053125
1 0.340625 0.596875 0.03046875 0.059375
1 0.3328125 0.54375 0.02890625 0.040625
1 0.315625 0.5140625 0.025 0.046875
1 0.31484375 0.46875 0.0203125 0.040625
1 0.2578125 0.03125 0.0265625 0.02109375
1 0.20625 0.02890625 0.00859375 0.0140625
1 0.2078125 0.009375 0.015625 0.01875