1 0.4375 0.48984375 0.0515625 0.0609375
1 0.475 0.33046875 0.0328125 0.04375
1 0.590625 0.6359375 0.09375 0.071875
1 0.27265625 0.54609375 0.0484375 0.0765625
1 0.56953125 0.7734375 0.0578125 0.0765625
1 0.53203125 0.9140625 0.0703125 0.1
1 0.52890625 0.99453125 0.0515625 0.0109375
1 0.87734375 0.7375 0.084375 0.0734375
1 0.9328125 0.7203125 0.0703125 0.065625
1 0.7734375 0.68515625 0.0859375 0.053125
1 0.7125 0.7015625 0.0828125 0.0625
1 0.41640625 0.70546875 0.0765625 0.0828125
1 0.32265625 0.55390625 0.0421875 0.0671875
1 0.32734375 0.49453125 0.0484375 0.0671875
1 0.2828125 0.39296875 0.0390625 0.059375
1 0.22578125 0.48359375 0.0375 0.0578125
1 0.28515625 0.30078125 0.028125 0.0390625
1 0.3875 0.17265625 0.021875 0.0375
1 0.36171875 0.165625 0.025 0.0234375
1 0.38046875 0.10546875 0.0234375 0.028125
1 0.31953125 0.16796875 0.0296875 0.0421875
1 0.296875 0.125 0.021875 0.03125
1 0.31875 0.07578125 0.0203125 0.0296875
1 0.2953125 0.07265625 0.0171875 0.0234375