1 0.65234375 0.934375 0.0578125 0.0859375
1 0.48359375 0.53046875 0.0421875 0.046875
0 0.5796875 0.88984375 0.115625 0.21875
1 0.4734375 0.58515625 0.0578125 0.0484375
1 0.70703125 0.61015625 0.0859375 0.046875
1 0.86953125 0.59609375 0.0734375 0.0609375
1 0.97265625 0.628125 0.0546875 0.05625
1 0.96640625 0.60546875 0.0671875 0.0484375
1 0.334375 0.5734375 0.0390625 0.084375
1 0.32109375 0.52578125 0.0375 0.0609375
1 0.49453125 0.4546875 0.0359375 0.05625
1 0.23984375 0.3359375 0.025 0.046875
1 0.3359375 0.16953125 0.0203125 0.034375
1 0.2046875 0.109375 0.015625 0.0234375
1 0.20078125 0.08359375 0.0171875 0.028125
0 0.178125 0.08828125 0.025 0.0671875
0 0.21171875 0.41171875 0.053125 0.16875