0 0.37421875 0.21640625 0.053125 0.0984375
1 0.25078125 0.06640625 0.0140625 0.0203125
1 0.3578125 0.70703125 0.034375 0.06875
1 0.68671875 0.92734375 0.053125 0.09375
1 0.63515625 0.8359375 0.040625 0.109375
1 0.64296875 0.75859375 0.0375 0.075
1 0.64140625 0.71875 0.040625 0.0609375
1 0.73203125 0.66171875 0.0890625 0.0796875
0 0.4671875 0.5828125 0.0515625 0.1
1 0.296875 0.56328125 0.0296875 0.0609375
1 0.259375 0.76015625 0.053125 0.10625
1 0.2515625 0.66171875 0.0359375 0.090625
1 0.24609375 0.61640625 0.025 0.0328125
1 0.228125 0.57265625 0.025 0.059375
1 0.2640625 0.3203125 0.021875 0.0359375
1 0.33828125 0.365625 0.021875 0.040625
1 0.36953125 0.36640625 0.025 0.0328125
1 0.4484375 0.38046875 0.021875 0.0328125
1 0.2140625 0.0421875 0.0140625 0.0125
1 0.1796875 0.11328125 0.015625 0.0265625
0 0.3015625 0.26796875 0.028125 0.0609375
1 0.384375 0.31875 0.0265625 0.0328125
1 0.35703125 0.33671875 0.0234375 0.0328125
1 0.32109375 0.34375 0.025 0.034375
1 0.32109375 0.325 0.021875 0.03125
1 0.3078125 0.30078125 0.0203125 0.028125
1 0.34765625 0.31171875 0.028125 0.0265625
1 0.3453125 0.2875 0.0203125 0.025
1 0.35625 0.26640625 0.0171875 0.03125
1 0.346875 0.2359375 0.0171875 0.0234375
1 0.3328125 0.271875 0.015625 0.015625
1 0.32890625 0.2546875 0.0171875 0.0234375
1 0.31875 0.23828125 0.0171875 0.0234375
1 0.3078125 0.2125 0.0296875 0.0296875
1 0.2921875 0.2375 0.025 0.0296875
1 0.28203125 0.2203125 0.0265625 0.0265625