1 0.36953125 0.85 0.046875 0.103125
1 0.51875 0.5734375 0.0640625 0.053125
1 0.2328125 0.19296875 0.02421875 0.0359375
1 0.4859375 0.43046875 0.03046875 0.04140625
1 0.240625 0.6 0.03359375 0.0609375
1 0.259375 0.40703125 0.025 0.05546875
1 0.36953125 0.40546875 0.0296875 0.046875
1 0.45390625 0.3703125 0.025 0.0375
1 0.65078125 0.86484375 0.046875 0.07109375
1 0.2921875 0.546875 0.03203125 0.065625
1 0.3359375 0.58046875 0.0375 0.06953125
1 0.6109375 0.9078125 0.05234375 0.084375
1 0.25625 0.24765625 0.025 0.0375
1 0.3765625 0.3328125 0.02421875 0.0375
1 0.365625 0.2546875 0.01640625 0.0265625
1 0.371875 0.190625 0.0234375 0.025
1 0.48828125 0.51875 0.0390625 0.0484375
1 0.678125 0.64609375 0.08828125 0.0609375
1 0.76640625 0.68359375 0.0796875 0.053125
1 0.88125 0.64921875 0.0625 0.0515625
1 0.84140625 0.62890625 0.0671875 0.05
1 0.96875 0.621875 0.0625 0.05703125
1 0.9671875 0.67265625 0.06328125 0.04609375
1 0.63828125 0.9890625 0.0484375 0.021875