0 0.503125 0.5875 0.09375 0.1703125
0 0.465625 0.903125 0.125 0.19375
0 0.36875 0.20625 0.05 0.0875
1 0.4 0.52109375 0.0421875 0.0625
1 0.484375 0.7515625 0.046875 0.0671875
1 0.35703125 0.35078125 0.0296875 0.0390625
1 0.65625 0.984375 0.05625 0.03125
1 0.59609375 0.93203125 0.0484375 0.0921875
1 0.52109375 0.9421875 0.0546875 0.09375
1 0.63515625 0.725 0.0671875 0.059375
1 0.7109375 0.71640625 0.0921875 0.0640625
1 0.50703125 0.4828125 0.046875 0.0578125
1 0.28359375 0.71796875 0.04375 0.075
1 0.3375 0.6296875 0.0421875 0.0625
1 0.28671875 0.6140625 0.0453125 0.075
1 0.22421875 0.62578125 0.0421875 0.0671875
1 0.22265625 0.7203125 0.05625 0.071875
1 0.39765625 0.36953125 0.0234375 0.034375
1 0.42734375 0.3359375 0.0296875 0.0328125
1 0.334375 0.22578125 0.0171875 0.03125
1 0.33203125 0.20546875 0.0265625 0.025
1 0.328125 0.17421875 0.0234375 0.03125
1 0.28203125 0.1828125 0.021875 0.0265625
1 0.26875 0.26640625 0.0265625 0.03125
0 0.2296875 0.5296875 0.0484375 0.121875