1 0.25703125 0.315625 0.02578125 0.04609375
1 0.45 0.503125 0.04140625 0.05
1 0.234375 0.71328125 0.040625 0.078125
1 0.48828125 0.4625 0.03515625 0.0453125
1 0.40234375 0.37265625 0.02890625 0.04140625
1 0.3671875 0.271875 0.0234375 0.034375
1 0.3546875 0.428125 0.0296875 0.0484375
1 0.28203125 0.16484375 0.028125 0.03359375
1 0.33359375 0.61015625 0.03515625 0.07421875
1 0.27890625 0.58984375 0.028125 0.05859375
1 0.309375 0.50234375 0.04296875 0.11875
1 0.55 0.62734375 0.071875 0.0453125
1 0.54375 0.58125 0.05625 0.04375
1 0.6484375 0.70390625 0.04921875 0.06640625
1 0.62890625 0.78984375 0.04921875 0.07109375
1 0.66875 0.89140625 0.05 0.07109375
1 0.615625 0.90703125 0.04921875 0.0859375
0 0.58125 0.94921875 0.090625 0.1015625
1 0.64609375 0.98515625 0.046875 0.0296875
1 0.7265625 0.66953125 0.08046875 0.05546875
1 0.73359375 0.61640625 0.084375 0.053125
1 0.94140625 0.63828125 0.09296875 0.0625
1 0.29765625 0.2578125 0.0234375 0.0265625
1 0.33203125 0.209375 0.0234375 0.03046875
1 0.4265625 0.3171875 0.0265625 0.03671875
2 0.35 0.17890625 0.0234375 0.0453125
1 0.2125 0.1015625 0.01796875 0.01953125
1 0.1875 0.09765625 0.0109375 0.01875
1 0.21796875 0.01171875 0.00859375 0.015625
1 0.1921875 0.02265625 0.01328125 0.02109375
0 0.203125 0.375 0.04375 0.11484375
1 0.2125 0.3078125 0.0140625 0.01953125