0 0.40625 0.29140625 0.090625 0.1609375
0 0.63671875 0.91171875 0.1703125 0.1765625
1 0.58828125 0.78203125 0.0734375 0.1
1 0.46796875 0.66640625 0.06875 0.096875
1 0.66640625 0.80234375 0.078125 0.096875
1 0.59296875 0.690625 0.06875 0.0921875
1 0.57890625 0.6046875 0.0609375 0.084375
1 0.8625 0.4796875 0.08125 0.0640625
1 0.93828125 0.49296875 0.05 0.05
1 0.51875 0.71015625 0.0625 0.0953125
1 0.5234375 0.60703125 0.0578125 0.084375
1 0.40546875 0.15625 0.0296875 0.0484375
1 0.40625 0.19375 0.03125 0.05
1 0.3671875 0.20703125 0.0328125 0.0421875
1 0.3578125 0.2484375 0.0359375 0.04375
1 0.3609375 0.2953125 0.034375 0.0546875
1 0.3203125 0.309375 0.046875 0.0640625