0 0.43984375 0.79296875 0.075 0.1046875
0 0.42890625 0.72890625 0.08125 0.1078125
0 0.3671875 0.71953125 0.0421875 0.0671875
0 0.2484375 0.625 0.0546875 0.0828125
1 0.3578125 0.8578125 0.046875 0.05625
1 0.40703125 0.81484375 0.0421875 0.0546875
1 0.371875 0.8328125 0.0359375 0.05
1 0.36484375 0.78359375 0.0296875 0.0421875
1 0.3359375 0.78984375 0.03125 0.040625
1 0.33046875 0.728125 0.028125 0.0390625
1 0.36328125 0.66171875 0.0265625 0.0328125
1 0.31875 0.67578125 0.0296875 0.0328125
1 0.34296875 0.6015625 0.0265625 0.0359375
1 0.30390625 0.653125 0.034375 0.040625
1 0.31953125 0.63984375 0.0328125 0.046875
1 0.31015625 0.49453125 0.025 0.0296875