0 0.45390625 0.325 0.0546875 0.1078125
0 0.23125 0.3296875 0.0546875 0.1421875
1 0.2984375 0.3390625 0.025 0.04375
1 0.48203125 0.5015625 0.040625 0.0484375
1 0.34453125 0.165625 0.0265625 0.0296875
1 0.403125 0.384375 0.0296875 0.040625
1 0.225 0.7234375 0.05625 0.115625
1 0.2265625 0.62890625 0.04375 0.090625
1 0.23203125 0.56953125 0.028125 0.0375
1 0.2234375 0.5390625 0.03125 0.059375
0 0.22890625 0.10234375 0.0796875 0.090625
1 0.3484375 0.0984375 0.0203125 0.025
1 0.265625 0.11484375 0.0265625 0.025
1 0.92578125 0.68671875 0.078125 0.0625
1 0.93828125 0.66015625 0.078125 0.0515625
1 0.38984375 0.253125 0.0203125 0.025
0 0.41640625 0.2171875 0.0703125 0.1328125