0 0.21640625 0.41640625 0.1015625 0.1859375
1 0.03828125 0.43125 0.0375 0.0703125
1 0.26640625 0.60625 0.053125 0.078125
1 0.13359375 0.340625 0.034375 0.05625
1 0.0875 0.1078125 0.0265625 0.0375
1 0.1625 0.440625 0.0421875 0.0578125
1 0.1921875 0.54609375 0.0484375 0.0671875
1 0.271875 0.809375 0.065625 0.1
1 0.26484375 0.28828125 0.0359375 0.0484375
1 0.10234375 0.3984375 0.0359375 0.053125
1 0.0484375 0.02265625 0.0203125 0.028125
1 0.22578125 0.34296875 0.0359375 0.046875
1 0.4484375 0.24375 0.040625 0.0375
1 0.0328125 0.1109375 0.0171875 0.0359375