0 0.55234375 0.47890625 0.20859375 0.28671875
0 0.66640625 0.06171875 0.06484375 0.1234375
1 0.62890625 0.95390625 0.13046875 0.090625
1 0.61015625 0.06875 0.03671875 0.04921875
1 0.703125 0.36015625 0.046875 0.07265625
1 0.72578125 0.2453125 0.0265625 0.059375
1 0.6953125 0.31171875 0.0359375 0.04375
1 0.678125 0.2828125 0.03671875 0.05
1 0.7078125 0.18984375 0.028125 0.05390625
1 0.68828125 0.1359375 0.02890625 0.03671875
1 0.65625 0.19453125 0.034375 0.0453125
1 0.63671875 0.14140625 0.02734375 0.04765625
1 0.5078125 0.01484375 0.03984375 0.0234375
0 0.49375 0.25078125 0.0609375 0.1625