1 0.50546875 0.98203125 0.0328125 0.0359375
1 0.53125 0.97734375 0.025 0.04375
1 0.41953125 0.83515625 0.01875 0.0234375
1 0.48125 0.8296875 0.0203125 0.0375
1 0.46328125 0.79921875 0.021875 0.0265625
1 0.4140625 0.78515625 0.01875 0.0296875
1 0.4109375 0.7515625 0.0171875 0.0296875
1 0.42109375 0.65859375 0.0109375 0.0234375
1 0.42734375 0.71875 0.0140625 0.0234375
1 0.4265625 0.70078125 0.0171875 0.0203125
1 0.515625 0.89140625 0.0234375 0.0296875
1 0.51796875 0.93046875 0.021875 0.0265625
2 0.48671875 0.9203125 0.0234375 0.040625
1 0.4953125 0.96015625 0.0265625 0.0375