1 0.3078125 0.596875 0.04375 0.0703125
0 0.2921875 0.4640625 0.046875 0.071875
1 0.2828125 0.8015625 0.04375 0.0546875
1 0.125 0.87265625 0.046875 0.065625
1 0.18515625 0.55390625 0.03125 0.046875
1 0.1328125 0.553125 0.0296875 0.0421875
1 0.22890625 0.89921875 0.059375 0.0703125
1 0.221875 0.4328125 0.0265625 0.0390625
1 0.18515625 0.4953125 0.0296875 0.040625
1 0.184375 0.4578125 0.0171875 0.0265625
1 0.18203125 0.425 0.0171875 0.025
1 0.1875 0.39296875 0.0171875 0.0203125
0 0.1703125 0.33359375 0.0328125 0.0609375