1 0.321875 0.828125 0.0609375 0.109375
1 0.50859375 0.575 0.0703125 0.0609375
1 0.278125 0.15859375 0.0296875 0.0390625
1 0.49609375 0.42890625 0.0359375 0.0453125
1 0.22890625 0.56328125 0.0421875 0.065625
1 0.275 0.37421875 0.0328125 0.0578125
1 0.38359375 0.38828125 0.0359375 0.05
1 0.47265625 0.36484375 0.0296875 0.040625
1 0.5984375 0.88203125 0.05625 0.0765625
1 0.2875 0.5171875 0.040625 0.06875
1 0.3265625 0.55703125 0.046875 0.0734375
1 0.553125 0.91953125 0.0640625 0.090625
1 0.29375 0.21640625 0.0296875 0.040625
1 0.40078125 0.3171875 0.0296875 0.040625
1 0.40078125 0.23828125 0.0203125 0.028125
1 0.41640625 0.17578125 0.0265625 0.028125
1 0.4859375 0.5171875 0.0453125 0.053125
1 0.65625 0.66953125 0.0953125 0.071875
1 0.73828125 0.71875 0.0859375 0.0640625
1 0.85703125 0.70078125 0.06875 0.059375
1 0.8203125 0.675 0.0734375 0.059375
1 0.946875 0.6859375 0.0703125 0.065625
1 0.93828125 0.7359375 0.06875 0.0546875
1 0.56796875 0.99453125 0.0515625 0.0109375