1 0.41953125 0.5125 0.028125 0.04375
1 0.59296875 0.96484375 0.05625 0.06875
1 0.53359375 0.9859375 0.04140625 0.028125
1 0.3140625 0.7 0.0359375 0.08203125
1 0.26015625 0.71875 0.0359375 0.059375
1 0.2546875 0.6578125 0.03046875 0.05390625
1 0.2453125 0.6125 0.03203125 0.053125
1 0.29375 0.30546875 0.021875 0.034375
1 0.27578125 0.334375 0.02421875 0.03203125
1 0.2671875 0.30625 0.02109375 0.0359375
1 0.21171875 0.27265625 0.021875 0.03671875
1 0.30546875 0.27265625 0.0265625 0.034375
1 0.19609375 0.2046875 0.01796875 0.02890625
1 0.24921875 0.196875 0.0203125 0.02890625
1 0.23828125 0.17578125 0.01484375 0.02109375
1 0.171875 0.221875 0.01328125 0.028125
1 0.18984375 0.1703125 0.01796875 0.03203125
1 0.16640625 0.1734375 0.015625 0.0234375
1 0.1671875 0.203125 0.01953125 0.025