1 0.5265625 0.578125 0.0578125 0.053125
1 0.365625 0.878125 0.046875 0.10625
1 0.26953125 0.94296875 0.0515625 0.1046875
1 0.403125 0.4703125 0.0390625 0.053125
1 0.484375 0.4484375 0.03125 0.0421875
1 0.4265625 0.39296875 0.028125 0.0421875
0 0.49296875 0.921875 0.0953125 0.15625
0 0.3140625 0.56953125 0.0953125 0.175
0 0.28828125 0.45625 0.1203125 0.1671875
0 0.25546875 0.34609375 0.0515625 0.08125
0 0.2390625 0.584375 0.0453125 0.1359375
0 0.21875 0.2984375 0.03125 0.128125
0 0.20859375 0.21953125 0.028125 0.084375
1 0.23984375 0.74609375 0.0421875 0.0828125
1 0.2375 0.69453125 0.034375 0.0734375
1 0.30078125 0.39609375 0.028125 0.0578125
1 0.2953125 0.35 0.028125 0.0359375
1 0.2828125 0.31484375 0.0203125 0.0328125
1 0.27421875 0.28125 0.0234375 0.040625
1 0.26796875 0.259375 0.0296875 0.034375
1 0.25390625 0.22578125 0.0234375 0.03125
1 0.69765625 0.98203125 0.0484375 0.0359375
1 0.6171875 0.9703125 0.05 0.059375
1 0.56328125 0.97890625 0.0421875 0.0421875
1 0.5265625 0.875 0.0359375 0.0796875
1 0.5765625 0.88046875 0.0390625 0.0703125
1 0.64296875 0.9046875 0.034375 0.09375
1 0.63828125 0.82890625 0.0328125 0.05625
1 0.621875 0.7765625 0.0421875 0.0546875
1 0.61875 0.71796875 0.0359375 0.0484375
1 0.95703125 0.68203125 0.08125 0.06875
1 0.89453125 0.628125 0.06875 0.0453125
1 0.8578125 0.68515625 0.0703125 0.0515625
1 0.78359375 0.63125 0.0640625 0.0421875
1 0.6984375 0.6859375 0.0671875 0.0671875
1 0.6421875 0.66484375 0.0703125 0.0484375
1 0.634375 0.615625 0.0671875 0.0390625
1 0.41953125 0.29140625 0.025 0.034375
1 0.42265625 0.33046875 0.025 0.0453125
1 0.221875 0.1265625 0.0328125 0.0296875
1 0.30546875 0.2 0.0171875 0.034375
1 0.27734375 0.090625 0.0125 0.0109375