0 0.55 0.884375 0.115625 0.23125
1 0.45390625 0.4625 0.034375 0.046875
1 0.31796875 0.2546875 0.021875 0.0328125
1 0.2546875 0.7921875 0.0484375 0.0921875
1 0.384375 0.2796875 0.025 0.0359375
1 0.325 0.19140625 0.021875 0.0328125
1 0.40546875 0.2421875 0.021875 0.0390625
0 0.25703125 0.55625 0.109375 0.2234375
1 0.26953125 0.47734375 0.0265625 0.053125
1 0.32890625 0.5640625 0.0359375 0.0859375
1 0.32265625 0.51015625 0.028125 0.0546875
1 0.3125 0.478125 0.025 0.0515625
1 0.37578125 0.46328125 0.03125 0.0578125
1 0.53203125 0.59296875 0.0671875 0.059375
1 0.965625 0.66328125 0.0578125 0.0734375
0 0.20703125 0.071875 0.028125 0.071875
1 0.2328125 0.0921875 0.0203125 0.0265625
1 0.2296875 0.06328125 0.0171875 0.0234375
1 0.2265625 0.0390625 0.0140625 0.0234375
1 0.35625 0.15625 0.0234375 0.0359375
1 0.49453125 0.4375 0.0328125 0.053125
1 0.6265625 0.9546875 0.0546875 0.0890625
1 0.60078125 0.871875 0.053125 0.084375