1 0.4734375 0.7078125 0.06875 0.0703125
1 0.578125 0.88671875 0.05625 0.08125
1 0.54921875 0.603125 0.075 0.0578125
1 0.27265625 0.4765625 0.0328125 0.053125
1 0.29140625 0.596875 0.0421875 0.0671875
1 0.3625 0.83125 0.0546875 0.09375
1 0.4609375 0.47578125 0.0390625 0.0609375
1 0.5421875 0.9765625 0.05625 0.046875
1 0.23125 0.5828125 0.0484375 0.0703125
1 0.9703125 0.703125 0.0421875 0.0578125
1 0.79453125 0.6640625 0.08125 0.059375
1 0.73828125 0.634375 0.0515625 0.0484375
1 0.71015625 0.7015625 0.0671875 0.0484375
1 0.46328125 0.36796875 0.028125 0.0296875
1 0.31640625 0.5015625 0.028125 0.0703125
1 0.26015625 0.334375 0.0234375 0.04375
1 0.265625 0.203125 0.0140625 0.0359375
1 0.2171875 0.1953125 0.0171875 0.040625
0 0.3359375 0.12265625 0.0390625 0.071875
1 0.29609375 0.08828125 0.0140625 0.0296875
1 0.31171875 0.06796875 0.009375 0.021875
1 0.25 0.08515625 0.0140625 0.025
1 0.2640625 0.01484375 0.0125 0.01875