1 0.4578125 0.709375 0.05625 0.0671875
1 0.26015625 0.246875 0.025 0.0375
1 0.3125 0.1171875 0.021875 0.0265625
1 0.33828125 0.50546875 0.0375 0.0484375
1 0.50703125 0.97265625 0.0609375 0.0546875
1 0.4359375 0.4984375 0.0390625 0.0515625
1 0.4828125 0.85703125 0.059375 0.0765625
1 0.2671875 0.51875 0.05 0.0703125
1 0.31328125 0.3421875 0.0265625 0.0359375
1 0.30234375 0.2515625 0.025 0.034375
1 0.33671875 0.259375 0.0265625 0.0375
1 0.35 0.31875 0.03125 0.0359375
1 0.31796875 0.309375 0.0234375 0.034375
1 0.30859375 0.2859375 0.0234375 0.034375
1 0.64453125 0.828125 0.084375 0.071875
1 0.25546875 0.14296875 0.025 0.0359375
0 0.240625 0.04453125 0.03125 0.059375
1 0.36171875 0.25859375 0.025 0.0359375