0 0.471875 0.60859375 0.08671875 0.21640625
0 0.32265625 0.4953125 0.06875 0.184375
0 0.3421875 0.87421875 0.09609375 0.23203125
0 0.26484375 0.50078125 0.0484375 0.1515625
1 0.5609375 0.71875 0.04296875 0.0625
1 0.2640625 0.25859375 0.02421875 0.0390625
1 0.36640625 0.434375 0.0296875 0.0515625
1 0.4703125 0.4109375 0.03125 0.04140625
1 0.39375 0.3578125 0.025 0.0375
1 0.24375 0.184375 0.02109375 0.028125
1 0.21328125 0.1453125 0.01875 0.0375
1 0.21640625 0.0515625 0.015625 0.01953125
1 0.3859375 0.28984375 0.021875 0.03203125
1 0.5078125 0.56484375 0.02890625 0.04296875
1 0.4765625 0.5125 0.02890625 0.0359375