1 0.49609375 0.871875 0.09609375 0.11875
1 0.20703125 0.43828125 0.0640625 0.08515625
1 0.646875 0.7953125 0.14765625 0.109375
1 0.08984375 0.17890625 0.053125 0.07109375
1 0.08828125 0.31875 0.04921875 0.071875
1 0.2328125 0.6453125 0.12890625 0.11484375
1 0.4609375 0.97578125 0.08359375 0.04609375
1 0.54609375 0.69921875 0.10859375 0.10078125
1 0.14921875 0.50859375 0.06171875 0.08984375
1 0.2578125 0.5515625 0.07265625 0.09296875
1 0.00703125 0.25390625 0.01328125 0.06875
1 0.98203125 0.74453125 0.0359375 0.0796875