1 0.49140625 0.58203125 0.0421875 0.0625
1 0.5765625 0.77265625 0.0609375 0.0734375
1 0.29921875 0.359375 0.03125 0.046875
1 0.42578125 0.38828125 0.0328125 0.0453125
1 0.35 0.84453125 0.053125 0.1078125
1 0.33671875 0.65703125 0.04375 0.075
1 0.29296875 0.7328125 0.04375 0.09375
1 0.23828125 0.90703125 0.0609375 0.1359375
1 0.2328125 0.6515625 0.04375 0.08125
1 0.23203125 0.590625 0.0359375 0.0640625
1 0.38828125 0.25078125 0.021875 0.0359375
1 0.2484375 0.22265625 0.0265625 0.046875
1 0.3734375 0.20625 0.0171875 0.0296875
1 0.35546875 0.23359375 0.0234375 0.0375
1 0.3265625 0.23046875 0.028125 0.0296875
1 0.3515625 0.2109375 0.01875 0.0234375
1 0.34765625 0.18984375 0.0203125 0.0234375
1 0.31875 0.20625 0.0203125 0.0234375
1 0.33828125 0.1421875 0.0203125 0.025
1 0.30703125 0.0859375 0.0203125 0.0203125
1 0.28828125 0.0328125 0.0171875 0.0234375
1 0.25546875 0.08984375 0.021875 0.0328125
0 0.40625 0.20234375 0.04375 0.08125