0 0.38828125 0.30078125 0.0796875 0.1578125
0 0.67421875 0.90625 0.1546875 0.1875
1 0.6125 0.77265625 0.065625 0.096875
1 0.4828125 0.66875 0.0625 0.09375
1 0.6921875 0.78671875 0.071875 0.09375
1 0.609375 0.68203125 0.0625 0.090625
1 0.58828125 0.59765625 0.0546875 0.08125
1 0.859375 0.44765625 0.078125 0.059375
1 0.9359375 0.4546875 0.046875 0.046875
1 0.53671875 0.7078125 0.05625 0.09375
1 0.5328125 0.6046875 0.053125 0.08125
1 0.37578125 0.16640625 0.0265625 0.0484375
1 0.3796875 0.203125 0.028125 0.0484375
1 0.3421875 0.21953125 0.03125 0.040625
1 0.3359375 0.26171875 0.0328125 0.0421875
1 0.34375 0.30859375 0.0296875 0.053125
1 0.3046875 0.32578125 0.0421875 0.0625