1 0.36640625 0.89296875 0.05 0.11640625
1 0.540625 0.90546875 0.04609375 0.075
1 0.6484375 0.71171875 0.07109375 0.0625
1 0.28828125 0.57578125 0.034375 0.06796875
1 0.4 0.334375 0.02421875 0.0375
1 0.37265625 0.440625 0.028125 0.046875
1 0.971875 0.6703125 0.05625 0.065625
1 0.96640625 0.61953125 0.0671875 0.0453125
1 0.88046875 0.671875 0.09375 0.05703125
1 0.775 0.62109375 0.0734375 0.05
1 0.7015625 0.65859375 0.07734375 0.05
1 0.5953125 0.6296875 0.07109375 0.059375
1 0.5 0.546875 0.08125 0.0859375
1 0.34375 0.565625 0.03828125 0.078125
1 0.2421875 0.6703125 0.03359375 0.06796875
1 0.240625 0.615625 0.04296875 0.0640625
1 0.265625 0.93203125 0.0453125 0.1359375
1 0.34375 0.35625 0.02265625 0.040625
1 0.3 0.18046875 0.01796875 0.03046875
1 0.2375 0.24765625 0.02109375 0.03203125