1 0.4828125 0.83203125 0.0359375 0.04375
0 0.58125 0.78671875 0.078125 0.11875
0 0.54453125 0.7375 0.08125 0.121875
0 0.4234375 0.709375 0.0578125 0.0625
1 0.49921875 0.79296875 0.03125 0.040625
1 0.4703125 0.7484375 0.0296875 0.0328125
1 0.44140625 0.75390625 0.0265625 0.03125
0 0.39453125 0.765625 0.0453125 0.084375
1 0.35625 0.72109375 0.0359375 0.0296875
1 0.3375 0.74453125 0.03125 0.0328125
1 0.43984375 0.68671875 0.015625 0.025
1 0.36875 0.6203125 0.01875 0.0265625
1 0.35234375 0.60078125 0.0171875 0.03125
1 0.33046875 0.5765625 0.0265625 0.028125