1 0.3515625 0.4109375 0.03203125 0.04140625
1 0.3703125 0.29921875 0.0265625 0.0359375
1 0.4046875 0.378125 0.02734375 0.03984375
1 0.48828125 0.46328125 0.03515625 0.04609375
1 0.234375 0.71328125 0.03984375 0.078125
1 0.525 0.5859375 0.06328125 0.05546875
1 0.33359375 0.60703125 0.0390625 0.07421875
1 0.27734375 0.5890625 0.0375 0.06484375
1 0.25703125 0.475 0.02734375 0.0609375
1 0.3078125 0.50234375 0.0421875 0.1109375
1 0.303125 0.27109375 0.0234375 0.0421875
1 0.28125 0.20546875 0.01796875 0.0328125
1 0.3453125 0.22578125 0.025 0.0359375
1 0.31796875 0.17734375 0.0203125 0.02890625
1 0.2578125 0.1 0.0125 0.025
1 0.21171875 0.09921875 0.01875 0.0265625
1 0.715625 0.98359375 0.046875 0.03046875
1 0.64609375 0.98125 0.04921875 0.03671875
1 0.6140625 0.89921875 0.05390625 0.0765625
1 0.62734375 0.78359375 0.053125 0.0671875
1 0.6578125 0.8703125 0.0546875 0.0796875
1 0.64453125 0.70625 0.05078125 0.06328125
1 0.52109375 0.540625 0.03671875 0.04375
1 0.72890625 0.6671875 0.07890625 0.05703125
1 0.6765625 0.615625 0.0734375 0.05703125
1 0.96171875 0.5859375 0.0671875 0.05546875
1 0.934375 0.646875 0.07890625 0.0609375
1 0.81015625 0.63046875 0.0625 0.059375
1 0.42734375 0.31875 0.0296875 0.03984375
1 0.1875 0.1015625 0.01640625 0.025
1 0.196875 0.04375 0.01640625 0.0265625
1 0.1828125 0.06640625 0.01640625 0.025
2 0.2984375 0.11796875 0.0265625 0.0421875
0 0.58125 0.94609375 0.09609375 0.10703125
1 0.2296875 0.58828125 0.0421875 0.0671875