1 0.6625 0.578125 0.0796875 0.0734375
1 0.98046875 0.5125 0.0390625 0.071875
1 0.93671875 0.48359375 0.0734375 0.059375
1 0.75859375 0.58515625 0.075 0.0703125
0 0.6953125 0.9015625 0.121875 0.1421875
0 0.196875 0.471875 0.0953125 0.1671875
0 0.09453125 0.1734375 0.0453125 0.08125
1 0.35390625 0.60625 0.05 0.084375
1 0.325 0.5453125 0.046875 0.06875
1 0.4859375 0.45078125 0.04375 0.059375
1 0.15546875 0.29140625 0.028125 0.0421875
1 0.12265625 0.184375 0.028125 0.0375
1 0.11171875 0.14921875 0.028125 0.040625