0 0.33671875 0.63359375 0.078125 0.18046875
1 0.5359375 0.6015625 0.07265625 0.053125
1 0.4390625 0.4203125 0.03046875 0.04296875
1 0.2515625 0.7515625 0.03828125 0.08046875
1 0.24609375 0.684375 0.034375 0.071875
0 0.2421875 0.596875 0.0421875 0.13203125
0 0.29453125 0.46953125 0.1140625 0.16953125
0 0.2515625 0.35 0.04296875 0.078125
0 0.2171875 0.3015625 0.03203125 0.125
0 0.20078125 0.21953125 0.025 0.0859375
0 0.49765625 0.91796875 0.0953125 0.1640625
1 0.29921875 0.396875 0.028125 0.046875
1 0.2921875 0.36015625 0.02734375 0.040625
1 0.284375 0.33125 0.02109375 0.03203125
1 0.278125 0.3046875 0.01875 0.0375
1 0.26640625 0.2765625 0.0234375 0.04453125
1 0.353125 0.375 0.01796875 0.0359375
1 0.30625 0.22734375 0.02578125 0.03203125
1 0.2953125 0.203125 0.02421875 0.0234375
1 0.71484375 0.97578125 0.059375 0.0484375
1 0.753125 0.67265625 0.075 0.065625
1 0.88125 0.6796875 0.07890625 0.05703125
1 0.6359375 0.71328125 0.06015625 0.05703125
1 0.621875 0.771875 0.05 0.05703125
1 0.64375 0.82578125 0.04296875 0.05703125
1 0.584375 0.87109375 0.03671875 0.08359375
1 0.534375 0.8734375 0.03828125 0.08046875
1 0.5703125 0.96875 0.0359375 0.0625
1 0.6265625 0.96953125 0.05078125 0.0609375
1 0.6515625 0.903125 0.0359375 0.0765625
1 0.4390625 0.3265625 0.03203125 0.04453125
1 0.2953125 0.08046875 0.01640625 0.0359375
1 0.26328125 0.03671875 0.0125 0.0234375
1 0.25546875 0.0203125 0.0140625 0.01796875
1 0.23515625 0.0140625 0.0171875 0.01953125
1 0.21875 0.04296875 0.0125 0.028125