0 0.4875 0.74140625 0.0578125 0.10703125
0 0.43828125 0.78671875 0.03125 0.06640625
0 0.29453125 0.94921875 0.0484375 0.1015625
1 0.41015625 0.82109375 0.02265625 0.0421875
1 0.3828125 0.7390625 0.025 0.02890625
1 0.37421875 0.64609375 0.01953125 0.028125
1 0.41171875 0.70234375 0.0234375 0.02890625
1 0.4171875 0.74921875 0.01796875 0.028125
1 0.396875 0.7953125 0.01953125 0.0328125
1 0.390625 0.77265625 0.0234375 0.0265625
1 0.325 0.51953125 0.0140625 0.0265625
1 0.31015625 0.53125 0.0078125 0.025