1 0.31484375 0.6578125 0.053125 0.084375
1 0.471875 0.81875 0.05625 0.0859375
1 0.72421875 0.72421875 0.075 0.0640625
1 0.57109375 0.7703125 0.0484375 0.071875
1 0.5671875 0.90078125 0.053125 0.084375
1 0.625 0.72734375 0.0671875 0.0734375
1 0.21484375 0.7046875 0.0453125 0.0796875
1 0.215625 0.64609375 0.0453125 0.0734375
1 0.378125 0.4078125 0.028125 0.0359375
1 0.4859375 0.4375 0.0390625 0.0390625
1 0.4375 0.3859375 0.0390625 0.05
1 0.475 0.35625 0.0296875 0.0359375
1 0.434375 0.3359375 0.0328125 0.05
1 0.4171875 0.2640625 0.0265625 0.034375
1 0.40546875 0.2203125 0.0234375 0.0375
1 0.3796875 0.38984375 0.0375 0.03125
1 0.3703125 0.3609375 0.034375 0.046875
1 0.34609375 0.17421875 0.0203125 0.0234375
1 0.36015625 0.1140625 0.0234375 0.0328125
1 0.39140625 0.27734375 0.025 0.025
1 0.3859375 0.24140625 0.0140625 0.0265625
1 0.384375 0.21875 0.01875 0.0203125
1 0.3484375 0.1984375 0.028125 0.021875
1 0.353125 0.2234375 0.0265625 0.028125
1 0.32734375 0.0109375 0.0140625 0.021875
1 0.31640625 0.00546875 0.0171875 0.0109375
0 0.22421875 0.553125 0.0625 0.1375
0 0.240625 0.375 0.0671875 0.134375
0 0.246875 0.271875 0.0625 0.0953125
0 0.24765625 0.1640625 0.05 0.1
0 0.44296875 0.22890625 0.046875 0.090625
0 0.3671875 0.28203125 0.06875 0.1125
0 0.37734375 0.1734375 0.0546875 0.0875
0 0.40546875 0.14140625 0.0515625 0.0796875
1 0.63828125 0.9875 0.0734375 0.025