1 0.64453125 0.70625 0.053125 0.06640625
1 0.23515625 0.71328125 0.03828125 0.07890625
1 0.428125 0.571875 0.04765625 0.0515625
1 0.27734375 0.590625 0.02890625 0.06484375
1 0.33515625 0.60546875 0.03671875 0.059375
1 0.4453125 0.5203125 0.04296875 0.04609375
1 0.48828125 0.4671875 0.03046875 0.0421875
1 0.540625 0.58203125 0.05546875 0.05546875
1 0.5796875 0.63125 0.06796875 0.05859375
1 0.73125 0.6671875 0.0828125 0.05703125
1 0.7890625 0.61171875 0.0765625 0.04609375
1 0.93671875 0.58828125 0.06171875 0.0515625
1 0.98828125 0.60625 0.0234375 0.0625
1 0.9359375 0.6484375 0.07578125 0.05546875
1 0.66484375 0.8640625 0.05859375 0.08046875
1 0.615625 0.9 0.05078125 0.0703125
1 0.64375 0.98046875 0.03984375 0.0390625
0 0.58125 0.946875 0.08984375 0.10625
2 0.4359375 0.4234375 0.04765625 0.0765625
1 0.4265625 0.3203125 0.0234375 0.03203125
1 0.3234375 0.33984375 0.03203125 0.0453125
1 0.30859375 0.49765625 0.0453125 0.11015625
1 0.3546875 0.23515625 0.0171875 0.0328125
1 0.29453125 0.23125 0.0140625 0.034375
1 0.2734375 0.1140625 0.02109375 0.028125
1 0.25546875 0.07890625 0.015625 0.01953125
1 0.2109375 0.0953125 0.01796875 0.02109375
1 0.18515625 0.07734375 0.01015625 0.02265625
0 0.20859375 0.1890625 0.0421875 0.09765625