1 0.54140625 0.60234375 0.0671875 0.0578125
1 0.3328125 0.81328125 0.0625 0.09375
1 0.4671875 0.525 0.0484375 0.0609375
1 0.42890625 0.9 0.059375 0.0890625
1 0.5359375 0.88515625 0.0515625 0.0828125
1 0.38984375 0.31875 0.0296875 0.0421875
1 0.48125 0.87734375 0.0578125 0.0828125
0 0.30703125 0.54296875 0.109375 0.165625
0 0.2921875 0.4265625 0.140625 0.1765625
0 0.2265625 0.5578125 0.0578125 0.1203125
0 0.26015625 0.2984375 0.0796875 0.1265625
0 0.24296875 0.2234375 0.05625 0.1125
0 0.24609375 0.140625 0.034375 0.0703125
1 0.56953125 0.9875 0.0484375 0.025
1 0.64375 0.984375 0.053125 0.03125
1 0.6046875 0.91484375 0.053125 0.0890625
1 0.6078125 0.8421875 0.05 0.065625
1 0.59375 0.790625 0.046875 0.0703125
1 0.5921875 0.7359375 0.0453125 0.0453125
1 0.68359375 0.70703125 0.0921875 0.0890625
1 0.75078125 0.659375 0.0765625 0.05625
1 0.8390625 0.7203125 0.084375 0.065625
1 0.93671875 0.73046875 0.0828125 0.0609375
1 0.871875 0.7 0.0875 0.0546875
1 0.303125 0.34375 0.040625 0.046875
1 0.30390625 0.38125 0.0296875 0.034375
1 0.28359375 0.15078125 0.0328125 0.0375
1 0.26015625 0.09453125 0.046875 0.040625
1 0.21796875 0.7171875 0.0453125 0.0703125
1 0.2203125 0.65 0.0359375 0.0625