0 0.4484375 0.3265625 0.05 0.10625
0 0.225 0.3390625 0.05 0.140625
1 0.29296875 0.34609375 0.0234375 0.0421875
1 0.48203125 0.50234375 0.040625 0.0484375
1 0.3328125 0.17109375 0.025 0.0296875
1 0.39921875 0.3875 0.028125 0.040625
1 0.2328125 0.73359375 0.0515625 0.1140625
1 0.23125 0.63828125 0.040625 0.0890625
1 0.234375 0.57890625 0.028125 0.0375
1 0.225 0.54921875 0.0296875 0.0578125
0 0.21484375 0.11171875 0.0765625 0.0875
1 0.334375 0.10390625 0.01875 0.025
1 0.25234375 0.1234375 0.025 0.025
1 0.93203125 0.671875 0.075 0.0609375
1 0.94375 0.64453125 0.0765625 0.0484375
1 0.38125 0.25703125 0.0203125 0.025
0 0.40703125 0.2203125 0.065625 0.13125