0 0.68984375 0.1265625 0.06796875 0.134375
1 0.56953125 0.18203125 0.03359375 0.06171875
1 0.5890625 0.26484375 0.03671875 0.06875
1 0.86875 0.659375 0.059375 0.09453125
1 0.771875 0.58671875 0.05390625 0.07890625
1 0.70390625 0.928125 0.05859375 0.12578125
1 0.71796875 0.25859375 0.0359375 0.06015625
1 0.6984375 0.3390625 0.03984375 0.06328125
1 0.65 0.0140625 0.0328125 0.028125
1 0.6171875 0.3859375 0.040625 0.07578125
1 0.6375 0.51015625 0.04296875 0.09921875
0 0.50546875 0.44375 0.06953125 0.21015625
1 0.5171875 0.12265625 0.02734375 0.04921875
1 0.65546875 0.1953125 0.03671875 0.04609375
1 0.7453125 0.16015625 0.03046875 0.05
1 0.6375 0.13125 0.0234375 0.04921875
1 0.63046875 0.096875 0.03046875 0.03828125
1 0.5578125 0.08984375 0.025 0.053125
1 0.54609375 0.0375 0.02578125 0.0515625