1 0.38828125 0.4765625 0.03125 0.040625
1 0.678125 0.93671875 0.0625 0.0734375
1 0.62578125 0.97265625 0.0421875 0.0296875
1 0.3578125 0.73515625 0.0453125 0.08125
1 0.309375 0.76171875 0.0484375 0.06875
1 0.290625 0.70703125 0.0421875 0.06875
1 0.275 0.659375 0.0390625 0.0671875
1 0.2609375 0.34140625 0.0203125 0.03125
1 0.24375 0.3734375 0.0265625 0.0265625
1 0.23203125 0.29375 0.0203125 0.03125
1 0.2328125 0.35078125 0.0171875 0.025
1 0.1828125 0.3515625 0.025 0.0328125
1 0.1375 0.31328125 0.0203125 0.034375
1 0.153125 0.2875 0.028125 0.0328125
1 0.1765625 0.228125 0.01875 0.021875
1 0.16640625 0.2109375 0.0125 0.025
1 0.1359375 0.24296875 0.021875 0.025
1 0.121875 0.28125 0.025 0.0265625