1 0.54296875 0.9453125 0.03046875 0.04609375
1 0.38359375 0.96875 0.02890625 0.06015625
1 0.4890625 0.83828125 0.02578125 0.040625
1 0.50234375 0.77109375 0.021875 0.03203125
1 0.48125 0.78125 0.01953125 0.04609375
1 0.41015625 0.8671875 0.02109375 0.04375
1 0.42578125 0.940625 0.02578125 0.04765625
1 0.37734375 0.89453125 0.0328125 0.04609375
1 0.390625 0.77734375 0.0171875 0.04609375
1 0.35625 0.77890625 0.02265625 0.034375
1 0.34921875 0.72578125 0.02109375 0.040625
1 0.3828125 0.73125 0.01484375 0.0453125
0 0.4453125 0.6890625 0.0359375 0.084375
1 0.33984375 0.675 0.01484375 0.0328125
1 0.3671875 0.68359375 0.01875 0.03046875
1 0.34921875 0.6265625 0.01328125 0.025
1 0.40625 0.678125 0.0125 0.03046875
1 0.40078125 0.6578125 0.0125 0.02265625
1 0.43203125 0.60546875 0.015625 0.0234375
1 0.4296875 0.64921875 0.01796875 0.01875
1 0.41640625 0.6265625 0.01171875 0.025
1 0.39140625 0.62578125 0.0203125 0.01875
1 0.39921875 0.6453125 0.01640625 0.02109375
1 0.3390625 0.56328125 0.009375 0.01875
1 0.38515625 0.55390625 0.01640625 0.025