1 0.3109375 0.621875 0.046875 0.0703125
1 0.58828125 0.58203125 0.0734375 0.0625
1 0.32109375 0.396875 0.0328125 0.0453125
1 0.38515625 0.3859375 0.0359375 0.0453125
1 0.434375 0.3875 0.0375 0.04375
1 0.4921875 0.590625 0.071875 0.06875
1 0.49453125 0.534375 0.0515625 0.0578125
1 0.32734375 0.29296875 0.028125 0.0328125
1 0.6875 0.6125 0.084375 0.0609375
1 0.7625 0.63515625 0.0734375 0.0546875
1 0.8296875 0.57265625 0.078125 0.0671875
1 0.90703125 0.53125 0.078125 0.05625
0 0.1859375 0.40078125 0.0703125 0.1234375
1 0.1859375 0.31328125 0.034375 0.05
1 0.15625 0.25703125 0.034375 0.0359375
1 0.146875 0.1671875 0.0171875 0.021875
1 0.49609375 0.97578125 0.0484375 0.0484375