0 0.53359375 0.60859375 0.096875 0.178125
1 0.7671875 0.6578125 0.059375 0.053125
1 0.475 0.62890625 0.0484375 0.0640625
1 0.6296875 0.85390625 0.0578125 0.0875
1 0.67578125 0.69375 0.0671875 0.0671875
1 0.5421875 0.765625 0.05 0.08125
1 0.2078125 0.05546875 0.0171875 0.021875
1 0.43671875 0.51015625 0.0421875 0.0625
1 0.5046875 0.48671875 0.034375 0.05
1 0.43671875 0.45234375 0.03125 0.04375
1 0.40703125 0.3859375 0.0234375 0.0359375
1 0.41640625 0.32734375 0.025 0.0375
1 0.3671875 0.28125 0.01875 0.0421875
1 0.3125 0.2265625 0.028125 0.0359375
1 0.27890625 0.246875 0.0203125 0.0234375
1 0.29453125 0.17265625 0.0203125 0.0234375
1 0.29453125 0.2015625 0.0171875 0.0203125
1 0.23984375 0.19765625 0.021875 0.03125
1 0.26328125 0.16328125 0.0203125 0.0296875