1 0.28671875 0.56640625 0.034375 0.06640625
1 0.4921875 0.52578125 0.03984375 0.0484375
1 0.334375 0.18671875 0.02109375 0.02890625
1 0.9703125 0.67734375 0.059375 0.05390625
1 0.8859375 0.62734375 0.08125 0.04609375
1 0.8296875 0.64765625 0.08359375 0.05390625
1 0.634375 0.7171875 0.0484375 0.06796875
0 0.55 0.66796875 0.11953125 0.0890625
1 0.55 0.6125 0.071875 0.04453125
1 0.26484375 0.91796875 0.040625 0.14140625
1 0.3390625 0.5609375 0.03359375 0.0859375
1 0.2390625 0.665625 0.03359375 0.05703125
1 0.23984375 0.61015625 0.028125 0.0625
1 0.284375 0.0828125 0.01328125 0.01796875