1 0.240625 0.60078125 0.03515625 0.065625
1 0.56875 0.8015625 0.04921875 0.08046875
1 0.3 0.43203125 0.03203125 0.05546875
1 0.296875 0.559375 0.03359375 0.0640625
1 0.5015625 0.47265625 0.03359375 0.04609375
1 0.4265625 0.40546875 0.02734375 0.0390625
1 0.965625 0.62109375 0.05078125 0.0390625
1 0.48828125 0.4296875 0.0296875 0.034375
1 0.45546875 0.37109375 0.025 0.04453125
1 0.4078125 0.3375 0.01953125 0.046875
0 0.35 0.278125 0.04921875 0.128125
0 0.3 0.20625 0.0328125 0.084375
1 0.31875 0.27578125 0.01796875 0.02890625
1 0.33515625 0.1578125 0.0203125 0.04296875
1 0.23515625 0.134375 0.0125 0.0265625
1 0.2421875 0.02734375 0.01171875 0.0265625