1 0.321875 0.7921875 0.06796875 0.084375
1 0.26875 0.4453125 0.02734375 0.0515625
1 0.32265625 0.8671875 0.0421875 0.09296875
1 0.2671875 0.890625 0.04609375 0.10703125
1 0.90234375 0.678125 0.08125 0.053125
1 0.4046875 0.3359375 0.03046875 0.04140625
1 0.28125 0.6484375 0.04609375 0.06640625
1 0.24765625 0.746875 0.0390625 0.1109375
1 0.240625 0.6546875 0.0359375 0.07109375
1 0.221875 0.55078125 0.02265625 0.059375
0 0.2265625 0.19375 0.03046875 0.07109375
0 0.31640625 0.13203125 0.0203125 0.0390625
0 0.7328125 0.634375 0.12890625 0.071875
1 0.840625 0.621875 0.08125 0.05546875
1 0.73203125 0.678125 0.071875 0.05703125
1 0.9765625 0.67421875 0.04609375 0.0625
1 0.98203125 0.625 0.0359375 0.046875
1 0.29375 0.14453125 0.02109375 0.03046875
1 0.2234375 0.24765625 0.02109375 0.0375
1 0.2421875 0.16875 0.01484375 0.01796875
1 0.203125 0.17890625 0.00859375 0.01953125
1 0.1984375 0.2171875 0.0125 0.0234375
1 0.1984375 0.26171875 0.01484375 0.0375