0 0.32265625 0.62578125 0.103125 0.2421875
0 0.31484375 0.43671875 0.078125 0.1484375
1 0.2453125 0.79375 0.0484375 0.09375
1 0.36015625 0.35703125 0.0296875 0.0375
1 0.36640625 0.259375 0.0234375 0.0359375
1 0.50546875 0.62578125 0.0390625 0.05625
1 0.459375 0.6375 0.04375 0.0609375
1 0.49453125 0.80703125 0.046875 0.06875
1 0.5875 0.96953125 0.05625 0.0609375
1 0.5421875 0.7796875 0.053125 0.084375
1 0.44765625 0.875 0.05625 0.0984375
1 0.4234375 0.70859375 0.04375 0.0671875
1 0.5203125 0.96796875 0.053125 0.0640625
1 0.27890625 0.95078125 0.0484375 0.0625
1 0.396875 0.54609375 0.0375 0.0515625
1 0.6859375 0.70546875 0.0796875 0.065625
1 0.9453125 0.65546875 0.090625 0.065625
1 0.4375 0.39609375 0.0375 0.0609375
1 0.46640625 0.365625 0.0265625 0.03125
1 0.40390625 0.19453125 0.0203125 0.0265625
1 0.35859375 0.21328125 0.0125 0.0234375
1 0.32734375 0.21171875 0.021875 0.028125
1 0.3234375 0.18671875 0.028125 0.028125
1 0.2625 0.05859375 0.009375 0.01875
1 0.23828125 0.06484375 0.0140625 0.0234375
1 0.25078125 0.00859375 0.0109375 0.0171875
0 0.35703125 0.89765625 0.071875 0.1875