0 0.55625 0.8984375 0.146875 0.203125
1 0.38671875 0.38203125 0.0359375 0.046875
1 0.9234375 0.72421875 0.0859375 0.0765625
1 0.73984375 0.671875 0.0875 0.0546875
1 0.69921875 0.71875 0.0875 0.06875
1 0.5453125 0.64296875 0.08125 0.0546875
1 0.46015625 0.5890625 0.0765625 0.053125
1 0.503125 0.5703125 0.0546875 0.0609375
1 0.43515625 0.42890625 0.028125 0.0421875
1 0.325 0.56328125 0.04375 0.06875
1 0.31953125 0.496875 0.0453125 0.053125
1 0.19609375 0.871875 0.0796875 0.1296875
1 0.2171875 0.62109375 0.040625 0.0765625
1 0.225 0.5640625 0.0421875 0.0578125
1 0.2796875 0.54375 0.04375 0.0703125
1 0.2859375 0.49140625 0.04375 0.0609375
1 0.303125 0.240625 0.0296875 0.0375
1 0.28046875 0.1875 0.0265625 0.0390625
1 0.353125 0.07421875 0.021875 0.0421875
1 0.36328125 0.01640625 0.0203125 0.0328125
1 0.334375 0.01953125 0.015625 0.0296875
1 0.2390625 0.4390625 0.0484375 0.065625
0 0.24140625 0.328125 0.071875 0.159375