0 0.42109375 0.765625 0.06328125 0.11640625
0 0.365625 0.80234375 0.04921875 0.1046875
1 0.36328125 0.928125 0.03203125 0.04296875
1 0.425 0.8765625 0.025 0.03984375
1 0.340625 0.85546875 0.0265625 0.03828125
1 0.2625 0.97109375 0.02890625 0.05703125
1 0.303125 0.93359375 0.0328125 0.05
1 0.2546875 0.88125 0.01953125 0.0515625
1 0.2921875 0.87890625 0.0234375 0.04609375
1 0.27265625 0.7984375 0.028125 0.04609375
1 0.32109375 0.678125 0.02578125 0.040625
1 0.29609375 0.7078125 0.01953125 0.034375
1 0.23046875 0.74453125 0.02109375 0.03671875
1 0.2625 0.75 0.0203125 0.02890625
1 0.25234375 0.71953125 0.01796875 0.03671875
1 0.23671875 0.66640625 0.0140625 0.03671875
1 0.24921875 0.703125 0.01796875 0.02265625
1 0.309375 0.63984375 0.02109375 0.02890625
1 0.2859375 0.68359375 0.01640625 0.0265625
1 0.23125 0.63125 0.01796875 0.03046875
1 0.203125 0.59921875 0.01796875 0.034375
1 0.2234375 0.5921875 0.0140625 0.028125
1 0.22109375 0.565625 0.01640625 0.025
0 0.20078125 0.7625 0.034375 0.13359375