0 0.434375 0.3046875 0.11171875 0.25390625
0 0.64296875 0.81015625 0.19453125 0.37578125
0 0.3609375 0.0765625 0.0890625 0.153125
1 0.21796875 0.15 0.03828125 0.08125
1 0.203125 0.3703125 0.04296875 0.1
1 0.1234375 0.05859375 0.0328125 0.06640625
1 0.47890625 0.22890625 0.04921875 0.075
1 0.328125 0.5828125 0.05625 0.1359375
1 0.61328125 0.58828125 0.0546875 0.10546875
1 0.58046875 0.4765625 0.06171875 0.103125
1 0.5390625 0.37265625 0.059375 0.07109375
1 0.7640625 0.91796875 0.1015625 0.1640625
0 0.29296875 0.7421875 0.175 0.515625