1 0.39453125 0.45546875 0.02421875 0.03671875
1 0.59140625 0.9625 0.0515625 0.06484375
1 0.53359375 0.98828125 0.03828125 0.0234375
1 0.315625 0.70390625 0.03203125 0.0765625
1 0.26328125 0.7203125 0.0375 0.0625
1 0.2546875 0.66328125 0.03046875 0.06484375
1 0.2484375 0.61328125 0.028125 0.0625
1 0.2953125 0.2984375 0.015625 0.028125
1 0.27265625 0.3265625 0.02265625 0.0234375
1 0.2765625 0.24609375 0.01484375 0.02890625
1 0.26640625 0.30234375 0.01328125 0.02265625
1 0.2171875 0.29375 0.0203125 0.02890625
1 0.1796875 0.24765625 0.01484375 0.0328125
1 0.2 0.225 0.02265625 0.02890625
1 0.234375 0.17109375 0.015625 0.01953125
1 0.22734375 0.15234375 0.0078125 0.0234375
1 0.19140625 0.178125 0.0171875 0.02265625
1 0.1703125 0.21328125 0.02109375 0.0234375