1 0.321875 0.83984375 0.03125 0.0484375
1 0.50234375 0.9078125 0.0375 0.0515625
1 0.453125 0.85625 0.034375 0.04375
1 0.48203125 0.81953125 0.0375 0.046875
1 0.396875 0.7359375 0.01875 0.0296875
1 0.45546875 0.74375 0.028125 0.0328125
1 0.4515625 0.7203125 0.0234375 0.034375
1 0.41953125 0.7 0.021875 0.0328125
1 0.38203125 0.65625 0.025 0.03125
1 0.4375 0.6546875 0.01875 0.0265625
1 0.3796875 0.62734375 0.025 0.0296875
1 0.37578125 0.528125 0.015625 0.03125
1 0.35625 0.4703125 0.0171875 0.025
1 0.34609375 0.44765625 0.0125 0.028125
1 0.32421875 0.96328125 0.0296875 0.034375
1 0.41640625 0.59375 0.025 0.034375
1 0.39609375 0.6140625 0.015625 0.0296875
0 0.4125 0.65078125 0.0421875 0.0734375