1 0.4765625 0.584375 0.03984375 0.05859375
1 0.4765625 0.4296875 0.034375 0.04296875
0 0.2265625 0.40625 0.04921875 0.15390625
0 0.403125 0.28984375 0.03203125 0.09296875
0 0.39375 0.221875 0.03671875 0.059375
0 0.378125 0.190625 0.03125 0.0609375
1 0.7125 0.67421875 0.07109375 0.0515625
1 0.2203125 0.2390625 0.021875 0.03046875
1 0.221875 0.184375 0.02890625 0.028125
1 0.2078125 0.16640625 0.0125 0.03046875
1 0.45859375 0.371875 0.021875 0.0375
1 0.4390625 0.328125 0.01484375 0.0375
1 0.2515625 0.04140625 0.01171875 0.025