0 0.34453125 0.60546875 0.1109375 0.1890625
1 0.4578125 0.4078125 0.0359375 0.05
1 0.5515625 0.58828125 0.0671875 0.0578125
1 0.6703125 0.8921875 0.0640625 0.0890625
1 0.59453125 0.8765625 0.0609375 0.0859375
1 0.284375 0.1796875 0.0265625 0.03125
1 0.63984375 0.965625 0.053125 0.0421875
1 0.54765625 0.91953125 0.0609375 0.09375
1 0.30390625 0.66640625 0.0453125 0.0796875
1 0.20859375 0.1109375 0.0203125 0.03125
1 0.1640625 0.10859375 0.0265625 0.0328125
1 0.171875 0.0625 0.0203125 0.021875
1 0.14765625 0.06171875 0.0234375 0.0265625