0 0.2921875 0.5859375 0.0953125 0.1734375
0 0.69765625 0.64609375 0.084375 0.109375
1 0.4453125 0.478125 0.0375 0.05
1 0.609375 0.88046875 0.053125 0.0765625
1 0.25546875 0.26484375 0.0296875 0.0359375
1 0.36484375 0.40625 0.0328125 0.040625
1 0.52109375 0.57109375 0.059375 0.05625
1 0.22421875 0.16171875 0.0203125 0.028125
1 0.68125 0.8671875 0.0671875 0.090625
1 0.28515625 0.328125 0.0265625 0.0359375
1 0.3359375 0.3375 0.0375 0.040625
1 0.646875 0.95 0.065625 0.0671875
1 0.95625 0.58984375 0.0875 0.0609375
1 0.79609375 0.6203125 0.08125 0.0734375
1 0.67890625 0.72578125 0.040625 0.0703125
1 0.7296875 0.940625 0.0484375 0.053125
1 0.30234375 0.79375 0.0578125 0.096875
1 0.28125 0.7265625 0.0515625 0.0890625
1 0.23984375 0.6109375 0.028125 0.05625
1 0.36171875 0.62578125 0.040625 0.0640625
1 0.34453125 0.575 0.0359375 0.0453125
1 0.321875 0.54921875 0.0328125 0.0515625
1 0.3125 0.5046875 0.028125 0.04375
1 0.17265625 0.0859375 0.0296875 0.025
1 0.121875 0.09375 0.0109375 0.015625
1 0.11953125 0.07421875 0.01875 0.021875