1 0.478125 0.58515625 0.040625 0.059375
1 0.475 0.43046875 0.034375 0.04375
0 0.225 0.4109375 0.0515625 0.1546875
0 0.39921875 0.29140625 0.034375 0.09375
0 0.3890625 0.2234375 0.0375 0.059375
0 0.37265625 0.19296875 0.0328125 0.0609375
1 0.715625 0.6703125 0.071875 0.053125
1 0.215625 0.24375 0.021875 0.03125
1 0.21640625 0.1890625 0.0296875 0.028125
1 0.20234375 0.171875 0.0125 0.03125
1 0.45625 0.37265625 0.021875 0.0375
1 0.4359375 0.32890625 0.015625 0.0375
1 0.24375 0.04609375 0.0125 0.025