0 0.621875 0.09921875 0.090625 0.14375
1 0.51328125 0.175 0.04375 0.0671875
1 0.546875 0.253125 0.0484375 0.0734375
1 0.890625 0.59296875 0.075 0.103125
1 0.7828125 0.53828125 0.0671875 0.0875
1 0.775 0.8859375 0.0796875 0.134375
1 0.67265625 0.22421875 0.0453125 0.065625
1 0.6671875 0.30703125 0.05 0.06875
1 0.5625 0.00546875 0.0375 0.0109375
1 0.5953125 0.3671875 0.053125 0.08125
1 0.6375 0.4859375 0.059375 0.1046875
0 0.4953125 0.44375 0.1046875 0.21875
1 0.4515625 0.12578125 0.0359375 0.053125
1 0.6 0.17265625 0.04375 0.0515625
1 0.6828125 0.12265625 0.0390625 0.0546875
1 0.57109375 0.11328125 0.03125 0.053125
1 0.55859375 0.08046875 0.0359375 0.04375
1 0.4859375 0.0859375 0.034375 0.05625
1 0.46484375 0.03671875 0.034375 0.0546875