0 0.4640625 0.74296875 0.0453125 0.090625
1 0.5765625 0.95859375 0.03515625 0.05078125
1 0.3828125 0.92109375 0.02578125 0.0515625
1 0.52265625 0.9421875 0.03046875 0.04921875
1 0.4328125 0.96015625 0.03203125 0.0609375
1 0.5046875 0.85546875 0.034375 0.05546875
1 0.51015625 0.78359375 0.02265625 0.03828125
1 0.40390625 0.83359375 0.02421875 0.0453125
1 0.359375 0.79296875 0.02109375 0.04609375
1 0.35703125 0.7625 0.02265625 0.03828125
1 0.3890625 0.7734375 0.0203125 0.0421875
1 0.3796875 0.7328125 0.01796875 0.03671875
1 0.4890625 0.72890625 0.02109375 0.02890625
1 0.428125 0.74375 0.021875 0.03671875
1 0.453125 0.65078125 0.01875 0.03203125
1 0.40546875 0.66953125 0.0171875 0.03203125
1 0.3671875 0.67265625 0.0171875 0.03046875
1 0.33359375 0.65 0.01796875 0.0328125
1 0.33359375 0.5296875 0.0109375 0.025
1 0.32734375 0.490625 0.0109375 0.01875
1 0.3296875 0.61171875 0.01484375 0.03046875
1 0.353125 0.60546875 0.01484375 0.025
1 0.34375 0.57578125 0.01640625 0.0234375
1 0.3578125 0.63984375 0.0140625 0.028125
1 0.43046875 0.6 0.0140625 0.028125
1 0.42890625 0.6484375 0.01484375 0.02109375
1 0.41796875 0.62578125 0.01640625 0.02890625
1 0.3984375 0.64453125 0.01953125 0.0234375
1 0.39296875 0.62734375 0.015625 0.0265625
1 0.346875 0.47734375 0.0125 0.0234375