1 0.3671875 0.7421875 0.0671875 0.15078125
1 0.3421875 0.28203125 0.05078125 0.0859375
1 0.18359375 0.29453125 0.04453125 0.0953125
1 0.61796875 0.8640625 0.08984375 0.1703125
1 0.19375 0.0453125 0.03359375 0.06484375
1 0.27890625 0.39765625 0.04765625 0.10625
1 0.79921875 0.946875 0.09765625 0.1046875
1 0.47890625 0.22890625 0.04921875 0.0734375
1 0.5796875 0.48046875 0.06484375 0.10546875
1 0.53984375 0.37421875 0.05234375 0.0796875
1 0.5015625 0.4859375 0.0625 0.1015625
1 0.6125 0.590625 0.06015625 0.1125
1 0.24296875 0.2171875 0.04140625 0.10078125
1 0.29453125 0.015625 0.03125 0.03125