0 0.609375 0.87265625 0.134375 0.2421875
1 0.4484375 0.4703125 0.0375 0.0484375
1 0.28203125 0.2859375 0.0234375 0.034375
1 0.303125 0.82734375 0.0546875 0.096875
1 0.35078125 0.3 0.028125 0.0375
1 0.27890625 0.22265625 0.0234375 0.034375
1 0.36640625 0.26015625 0.025 0.040625
0 0.26875 0.59375 0.128125 0.2296875
1 0.26875 0.51328125 0.0296875 0.0546875
1 0.34140625 0.590625 0.0421875 0.0875
1 0.3265625 0.5375 0.0328125 0.05625
1 0.3109375 0.5078125 0.0296875 0.053125
1 0.37109375 0.48359375 0.0359375 0.0609375
1 0.54609375 0.5875 0.071875 0.0640625
1 0.9765625 0.58828125 0.046875 0.0765625
0 0.14375 0.12265625 0.034375 0.0734375
1 0.17265625 0.1390625 0.021875 0.028125
1 0.16484375 0.1109375 0.01875 0.025
1 0.1578125 0.0875 0.015625 0.025
1 0.3046875 0.1828125 0.0265625 0.0390625
1 0.484375 0.4390625 0.0375 0.0546875
1 0.69609375 0.9296875 0.0625 0.09375
1 0.6578125 0.8515625 0.059375 0.0875