1 0.26015625 0.6078125 0.0359375 0.065625
1 0.34765625 0.40390625 0.0296875 0.0421875
1 0.29765625 0.60390625 0.0359375 0.0671875
1 0.44453125 0.48671875 0.0390625 0.0546875
1 0.3859375 0.48203125 0.0359375 0.053125
1 0.6609375 0.96484375 0.0484375 0.053125
1 0.68828125 0.8671875 0.0625 0.0859375
1 0.59765625 0.965625 0.05 0.0609375
1 0.53125 0.975 0.05 0.05
1 0.515625 0.90078125 0.05 0.08125
1 0.5640625 0.87265625 0.0484375 0.0671875
1 0.975 0.63125 0.05 0.075
1 0.91171875 0.64921875 0.08125 0.0640625
1 0.85078125 0.59921875 0.075 0.046875
1 0.6875 0.609375 0.0921875 0.0609375
1 0.546875 0.63046875 0.0625 0.059375
1 0.54375 0.57265625 0.071875 0.05625
1 0.3421875 0.57734375 0.059375 0.1203125
1 0.4453125 0.37109375 0.0296875 0.0359375
1 0.4171875 0.4 0.025 0.0421875
1 0.3640625 0.34453125 0.0265625 0.0390625
1 0.359375 0.21015625 0.021875 0.0328125
1 0.24609375 0.18125 0.025 0.034375
1 0.22265625 0.165625 0.028125 0.028125
0 0.215625 0.41640625 0.059375 0.165625
0 0.196875 0.31015625 0.04375 0.0703125
1 0.625 0.85390625 0.0609375 0.1296875