1 0.39765625 0.50703125 0.0390625 0.05625
1 0.42734375 0.59921875 0.046875 0.059375
1 0.6890625 0.95703125 0.0515625 0.0390625
1 0.52265625 0.71875 0.0875 0.075
1 0.32109375 0.38515625 0.0296875 0.040625
1 0.62421875 0.69453125 0.0890625 0.0828125
1 0.834375 0.8328125 0.1203125 0.1171875
1 0.2734375 0.4265625 0.0296875 0.0421875
0 0.61328125 0.9359375 0.0984375 0.1140625
1 0.92578125 0.61953125 0.125 0.1046875
1 0.3375 0.72578125 0.0421875 0.0734375
1 0.31640625 0.66328125 0.0421875 0.075
1 0.26796875 0.69765625 0.0515625 0.0953125
1 0.23671875 0.35390625 0.0203125 0.034375
1 0.23046875 0.31328125 0.028125 0.028125