1 0.54453125 0.68203125 0.0484375 0.065625
1 0.43828125 0.46015625 0.0328125 0.0484375
1 0.3078125 0.4828125 0.034375 0.0515625
1 0.32734375 0.9375 0.0828125 0.125
1 0.2640625 0.70234375 0.0359375 0.0640625
1 0.25078125 0.6421875 0.0375 0.059375
1 0.2890625 0.28515625 0.0296875 0.03125
1 0.196875 0.2765625 0.0296875 0.0359375
1 0.2109375 0.23828125 0.0234375 0.0359375
1 0.24765625 0.21640625 0.0234375 0.028125
1 0.25234375 0.19375 0.028125 0.0265625
1 0.18359375 0.1828125 0.0328125 0.028125
1 0.16484375 0.19140625 0.0375 0.028125
1 0.171875 0.228125 0.0203125 0.0359375
1 0.228125 0.12421875 0.0203125 0.0203125
1 0.72578125 0.93828125 0.0703125 0.08125