0 0.5484375 0.89921875 0.15 0.2015625
1 0.3890625 0.3796875 0.0375 0.0484375
1 0.91953125 0.73125 0.0859375 0.078125
1 0.73671875 0.67578125 0.0875 0.0546875
1 0.6953125 0.721875 0.0875 0.06875
1 0.54296875 0.64375 0.08125 0.05625
1 0.45859375 0.58828125 0.078125 0.0546875
1 0.50234375 0.5703125 0.0546875 0.0609375
1 0.4359375 0.428125 0.028125 0.0421875
1 0.32421875 0.5609375 0.0453125 0.06875
1 0.31953125 0.49375 0.046875 0.053125
1 0.18984375 0.86640625 0.0828125 0.1296875
1 0.21484375 0.61640625 0.0421875 0.078125
1 0.22421875 0.559375 0.04375 0.0578125
1 0.27890625 0.53984375 0.0453125 0.0703125
1 0.2859375 0.4875 0.04375 0.0609375
1 0.3078125 0.2375 0.0296875 0.0375
1 0.2859375 0.18359375 0.0265625 0.0390625
1 0.36015625 0.071875 0.0234375 0.0421875
1 0.371875 0.01484375 0.021875 0.0296875
1 0.3421875 0.01640625 0.015625 0.0296875
1 0.240625 0.434375 0.0484375 0.065625
0 0.24453125 0.3234375 0.075 0.159375