0 0.4875 0.54453125 0.09375 0.1625
1 0.2875 0.30546875 0.0328125 0.05
1 0.4984375 0.83984375 0.0578125 0.0828125
1 0.58984375 0.73984375 0.059375 0.0703125
1 0.2625 0.928125 0.059375 0.0796875
1 0.196875 0.88671875 0.065625 0.1390625
1 0.2078125 0.69140625 0.0546875 0.1046875
1 0.21796875 0.6171875 0.0328125 0.0640625
1 0.21875 0.51328125 0.0375 0.071875
1 0.378125 0.3796875 0.028125 0.0453125
1 0.4578125 0.2734375 0.0296875 0.0453125
1 0.484375 0.3734375 0.0265625 0.0421875
1 0.396875 0.29453125 0.0234375 0.0328125
1 0.3921875 0.26484375 0.0203125 0.03125
1 0.3890625 0.23828125 0.03125 0.0328125
1 0.3828125 0.21484375 0.015625 0.025
1 0.3796875 0.184375 0.028125 0.0265625
1 0.37109375 0.34921875 0.0328125 0.03125
1 0.36875 0.30625 0.0296875 0.034375
1 0.36328125 0.2734375 0.0234375 0.0265625
1 0.359375 0.25078125 0.0234375 0.025
1 0.359375 0.228125 0.0203125 0.03125
1 0.3578125 0.2078125 0.021875 0.0296875
1 0.3578125 0.18984375 0.028125 0.0375
1 0.34453125 0.175 0.0203125 0.03125
1 0.33828125 0.01953125 0.01875 0.03125
1 0.303125 0.00390625 0.01875 0.0078125
0 0.45859375 0.3859375 0.084375 0.15
0 0.41328125 0.34609375 0.071875 0.1234375
0 0.28671875 0.01953125 0.0328125 0.0390625
1 0.67109375 0.71875 0.065625 0.059375
0 0.4421875 0.20390625 0.0359375 0.0625