1 0.59375 0.96640625 0.05625 0.065625
1 0.459375 0.609375 0.0296875 0.0515625
1 0.53203125 0.990625 0.05 0.01875
1 0.9625 0.765625 0.07109375 0.05546875
1 0.315625 0.703125 0.0359375 0.07578125
1 0.2625 0.71953125 0.0390625 0.06640625
1 0.25390625 0.6640625 0.03125 0.06875
1 0.246875 0.6140625 0.0328125 0.0609375
1 0.3375 0.32734375 0.01875 0.0359375
1 0.2796875 0.35078125 0.0265625 0.034375
1 0.29765625 0.30390625 0.01875 0.0359375
1 0.26953125 0.31796875 0.0234375 0.03046875
1 0.2734375 0.2390625 0.0265625 0.028125
1 0.25546875 0.209375 0.0109375 0.02109375
1 0.203125 0.2328125 0.0203125 0.0234375
1 0.171875 0.20859375 0.01875 0.03046875
1 0.1953125 0.1921875 0.01640625 0.025
1 0.18984375 0.1625 0.0203125 0.02109375