1 0.384375 0.3765625 0.03046875 0.03984375
1 0.39609375 0.90703125 0.053125 0.11484375
1 0.29921875 0.66875 0.03359375 0.07109375
1 0.31328125 0.8484375 0.04296875 0.09921875
1 0.71640625 0.66640625 0.071875 0.05625
1 0.46015625 0.47890625 0.03359375 0.0609375
1 0.33359375 0.59375 0.03515625 0.07421875
1 0.3078125 0.47109375 0.03359375 0.06640625
1 0.28046875 0.42265625 0.025 0.05390625
1 0.27421875 0.32109375 0.0234375 0.04765625
1 0.2640625 0.29296875 0.0234375 0.040625
1 0.2390625 0.18515625 0.02265625 0.03671875
1 0.21953125 0.13359375 0.01328125 0.02890625
1 0.2890625 0.13828125 0.01796875 0.0328125
1 0.2171875 0.1015625 0.01328125 0.03046875
1 0.3015625 0.2484375 0.02265625 0.034375
1 0.2875 0.22421875 0.01875 0.0359375
1 0.2671875 0.95546875 0.0359375 0.08359375
1 0.21640625 0.52421875 0.0375 0.09140625
1 0.24921875 0.2453125 0.021875 0.0359375
1 0.31015625 0.2046875 0.0171875 0.0234375
0 0.353125 0.30078125 0.05390625 0.10703125
0 0.33515625 0.23671875 0.0390625 0.0875
0 0.22734375 0.278125 0.03828125 0.10703125
1 0.20234375 0.03828125 0.015625 0.02890625