0 0.571875 0.45546875 0.1625 0.2640625
1 0.425 0.77109375 0.075 0.11875
1 0.5859375 0.93828125 0.0828125 0.11875
1 0.4625 0.675 0.06875 0.1046875
1 0.7890625 0.68828125 0.08125 0.1015625
1 0.2484375 0.41328125 0.0484375 0.071875
1 0.4015625 0.3796875 0.04375 0.0609375
1 0.25234375 0.14140625 0.034375 0.0453125
1 0.41875 0.32109375 0.0421875 0.0578125
1 0.28828125 0.146875 0.034375 0.046875
1 0.3796875 0.2421875 0.0390625 0.053125
1 0.43515625 0.26484375 0.0421875 0.05625
1 0.38515625 0.1890625 0.034375 0.05
1 0.33359375 0.11796875 0.03125 0.040625
1 0.48984375 0.51640625 0.0546875 0.078125