1 0.51875 0.6859375 0.0421875 0.0609375
1 0.44453125 0.45234375 0.0296875 0.046875
1 0.3125 0.45625 0.0296875 0.0484375
1 0.265625 0.9234375 0.06875 0.146875
1 0.23828125 0.6671875 0.0296875 0.0609375
1 0.23359375 0.60625 0.0328125 0.05625
1 0.32109375 0.2578125 0.0265625 0.028125
1 0.23125 0.23671875 0.0265625 0.034375
1 0.25078125 0.2 0.0203125 0.034375
1 0.28984375 0.18359375 0.021875 0.025
1 0.29765625 0.16171875 0.025 0.0234375
1 0.23046875 0.1421875 0.0296875 0.025
1 0.2109375 0.14765625 0.034375 0.0234375
1 0.21328125 0.18515625 0.0171875 0.034375
1 0.2828125 0.08984375 0.01875 0.01875
1 0.6625 0.96328125 0.0625 0.0734375