0 0.52578125 0.6109375 0.0859375 0.1734375
1 0.75546875 0.6765625 0.05625 0.05
1 0.46640625 0.62734375 0.04375 0.0609375
1 0.6046875 0.8625 0.053125 0.084375
1 0.66171875 0.70546875 0.0625 0.0625
1 0.5234375 0.76796875 0.0453125 0.078125
1 0.23984375 0.0359375 0.015625 0.021875
1 0.4359375 0.50546875 0.0390625 0.0609375
1 0.50546875 0.4875 0.03125 0.0484375
1 0.440625 0.4484375 0.028125 0.0421875
1 0.415625 0.3796875 0.021875 0.034375
1 0.42890625 0.321875 0.0234375 0.0359375
1 0.3828125 0.27265625 0.015625 0.040625
1 0.33203125 0.2140625 0.025 0.034375
1 0.296875 0.23203125 0.01875 0.021875
1 0.31796875 0.159375 0.01875 0.021875
1 0.315625 0.18828125 0.015625 0.0203125
1 0.26171875 0.1796875 0.0203125 0.0296875
1 0.2875 0.14765625 0.01875 0.028125