0 0.50078125 0.765625 0.0578125 0.1
1 0.54296875 0.85 0.03125 0.04375
1 0.5921875 0.8375 0.0359375 0.05625
1 0.5375 0.75390625 0.0328125 0.06875
1 0.46796875 0.709375 0.0265625 0.0359375
1 0.48984375 0.6984375 0.0203125 0.028125
1 0.4375 0.71015625 0.01875 0.0328125
1 0.42265625 0.68359375 0.021875 0.0265625
1 0.39453125 0.575 0.0140625 0.028125
1 0.36484375 0.52265625 0.0171875 0.0234375
1 0.35234375 0.50234375 0.015625 0.025
1 0.41796875 0.6 0.01875 0.021875
1 0.4640625 0.640625 0.01875 0.034375
1 0.44765625 0.62109375 0.015625 0.021875
1 0.41328125 0.6546875 0.0203125 0.0265625
1 0.40546875 0.6375 0.01875 0.0296875
1 0.42734375 0.63203125 0.01875 0.0265625
0 0.4484375 0.66171875 0.0515625 0.0828125