1 0.27421875 0.7796875 0.0328125 0.0484375
1 0.23046875 0.67734375 0.0265625 0.0375
1 0.34609375 0.9640625 0.0359375 0.071875
1 0.58671875 0.8484375 0.053125 0.053125
1 0.20703125 0.625 0.01875 0.0265625
1 0.23359375 0.58046875 0.0140625 0.025
1 0.24453125 0.55390625 0.0171875 0.021875
1 0.234375 0.54296875 0.015625 0.0171875
1 0.225 0.57265625 0.0203125 0.025
1 0.19140625 0.58671875 0.01875 0.021875
1 0.17890625 0.56484375 0.0140625 0.025
0 0.21015625 0.4765625 0.0328125 0.0546875
0 0.21640625 0.54921875 0.0265625 0.040625