0 0.2453125 0.84609375 0.090625 0.23515625
1 0.39140625 0.4140625 0.02734375 0.0390625
1 0.24765625 0.43359375 0.0265625 0.04609375
1 0.3109375 0.71484375 0.0375 0.0703125
1 0.4015625 0.57265625 0.03828125 0.053125
1 0.32265625 0.48828125 0.03046875 0.04375
1 0.2546875 0.6953125 0.03203125 0.07421875
1 0.31015625 0.4328125 0.021875 0.03984375
1 0.321875 0.29765625 0.01640625 0.0265625
1 0.29453125 0.296875 0.02109375 0.025
1 0.27265625 0.3296875 0.02421875 0.028125
1 0.2703125 0.30625 0.021875 0.025
1 0.26328125 0.2953125 0.0234375 0.03203125
1 0.1734375 0.20625 0.015625 0.02890625
1 0.184375 0.1703125 0.015625 0.02890625
1 0.175 0.10625 0.01015625 0.02265625
1 0.1953125 0.06640625 0.01484375 0.01484375