1 0.31640625 0.825 0.0625 0.109375
1 0.50703125 0.57578125 0.071875 0.0625
1 0.284375 0.1546875 0.0296875 0.0390625
1 0.496875 0.42890625 0.0359375 0.0453125
1 0.228125 0.5578125 0.0421875 0.065625
1 0.2765625 0.3703125 0.0328125 0.059375
1 0.3859375 0.3859375 0.0359375 0.0515625
1 0.475 0.36484375 0.03125 0.040625
1 0.5921875 0.88359375 0.0578125 0.078125
1 0.2875 0.5140625 0.0421875 0.0703125
1 0.325 0.55390625 0.0484375 0.075
1 0.54609375 0.9203125 0.065625 0.0921875
1 0.2984375 0.2125 0.03125 0.040625
1 0.40390625 0.315625 0.0296875 0.040625
1 0.40546875 0.23671875 0.0203125 0.028125
1 0.421875 0.17421875 0.0265625 0.028125
1 0.48515625 0.51640625 0.046875 0.0546875
1 0.653125 0.671875 0.096875 0.0734375
1 0.734375 0.72265625 0.0875 0.065625
1 0.853125 0.70703125 0.0703125 0.0609375
1 0.8171875 0.68046875 0.0734375 0.059375
1 0.94375 0.69375 0.0703125 0.065625
1 0.934375 0.74375 0.0703125 0.0546875
1 0.56015625 0.99453125 0.0515625 0.0109375