0 0.48828125 0.74140625 0.05859375 0.10625
0 0.5546875 0.8953125 0.05703125 0.11875
0 0.2984375 0.95546875 0.04765625 0.08828125
1 0.42421875 0.85390625 0.0234375 0.040625
1 0.4453125 0.83359375 0.01953125 0.03671875
1 0.41171875 0.825 0.0234375 0.0359375
1 0.3984375 0.7984375 0.015625 0.0359375
1 0.4171875 0.74765625 0.02578125 0.02265625
1 0.390625 0.76875 0.021875 0.02890625
1 0.3828125 0.7421875 0.02109375 0.03203125
1 0.321875 0.55390625 0.01171875 0.025
1 0.31875 0.53515625 0.01484375 0.0171875
0 0.43828125 0.78671875 0.03828125 0.05546875