1 0.128125 0.8234375 0.05625 0.1125
1 0.11953125 0.21796875 0.0296875 0.0375
1 0.2 0.5515625 0.04375 0.065625
1 0.14453125 0.3890625 0.0375 0.0546875
1 0.034375 0.44296875 0.0390625 0.071875
1 0.3671875 0.89609375 0.0671875 0.1203125
1 0.09453125 0.6671875 0.053125 0.10625
1 0.09375 0.38984375 0.05625 0.05625
1 0.0265625 0.36953125 0.03125 0.059375
1 0.02421875 0.10078125 0.0234375 0.0546875
1 0.01171875 0.2859375 0.009375 0.040625
0 0.0546875 0.028125 0.040625 0.05625
1 0.03046875 0.04453125 0.01875 0.0296875