1 0.50859375 0.48984375 0.0390625 0.05
1 0.72578125 0.709375 0.0546875 0.0515625
1 0.33515625 0.934375 0.05625 0.103125
1 0.41953125 0.4171875 0.0359375 0.05625
1 0.43828125 0.86015625 0.053125 0.0859375
1 0.57109375 0.88359375 0.059375 0.0953125
1 0.5703125 0.9640625 0.059375 0.071875
1 0.51875 0.97734375 0.05 0.0453125
1 0.50078125 0.9109375 0.05625 0.09375
1 0.44140625 0.9578125 0.05 0.08125
1 0.9375 0.7234375 0.0875 0.0609375
1 0.32734375 0.57421875 0.0375 0.06875
1 0.3296875 0.51875 0.040625 0.05
1 0.32265625 0.471875 0.0328125 0.0546875
1 0.31875 0.44453125 0.0296875 0.04375
1 0.309375 0.38828125 0.028125 0.046875
1 0.2734375 0.4328125 0.0328125 0.053125
1 0.23203125 0.5546875 0.040625 0.075
1 0.27890625 0.57421875 0.0359375 0.059375
1 0.2828125 0.525 0.03125 0.0515625
1 0.2765625 0.4875 0.0375 0.05
1 0.453125 0.31875 0.034375 0.04375
1 0.38828125 0.325 0.03125 0.028125
1 0.35625 0.30546875 0.028125 0.0359375
1 0.378125 0.2984375 0.0234375 0.0328125
1 0.37265625 0.27109375 0.025 0.0328125
1 0.36640625 0.2421875 0.015625 0.021875
1 0.36328125 0.21171875 0.01875 0.0328125
1 0.33203125 0.2015625 0.01875 0.0265625
1 0.340625 0.24921875 0.0203125 0.034375
1 0.34765625 0.28828125 0.025 0.0375
1 0.2640625 0.19296875 0.0203125 0.0359375
1 0.31953125 0.159375 0.021875 0.0296875
1 0.34140625 0.15546875 0.0171875 0.028125
1 0.31875 0.13515625 0.021875 0.028125
1 0.2875 0.13125 0.028125 0.021875