0 0.3625 0.31875 0.05859375 0.15390625
0 0.728125 0.8703125 0.1484375 0.25703125
1 0.52734375 0.77890625 0.04921875 0.0890625
1 0.73046875 0.7578125 0.06015625 0.08828125
1 0.6 0.80859375 0.04765625 0.096875
1 0.64921875 0.75390625 0.04375 0.09765625
1 0.63125 0.66015625 0.0421875 0.07109375
1 0.60234375 0.58671875 0.0390625 0.0625
1 0.56875 0.69140625 0.0484375 0.08046875
1 0.546875 0.59609375 0.04140625 0.0703125
1 0.50234375 0.64921875 0.04765625 0.09765625
1 0.28125 0.3484375 0.0234375 0.059375
1 0.3203125 0.33359375 0.025 0.05859375
1 0.31015625 0.284375 0.021875 0.05
1 0.3046875 0.253125 0.01953125 0.05390625
1 0.3390625 0.22109375 0.0234375 0.04765625
1 0.33203125 0.1875 0.01953125 0.03828125
1 0.8515625 0.3875 0.0796875 0.053125
1 0.92421875 0.38984375 0.05546875 0.05