0 0.29453125 0.603125 0.1109375 0.184375
1 0.49296875 0.53671875 0.046875 0.0578125
1 0.3578125 0.734375 0.0515625 0.0828125
1 0.62109375 0.82421875 0.0609375 0.084375
1 0.4359375 0.7890625 0.0640625 0.09375
1 0.575 0.65546875 0.053125 0.06875
1 0.43125 0.38984375 0.040625 0.046875
1 0.2578125 0.4234375 0.0328125 0.046875
1 0.3703125 0.6265625 0.0546875 0.0796875
1 0.33125 0.32265625 0.034375 0.040625
1 0.55234375 0.7140625 0.0546875 0.0703125
1 0.5953125 0.90859375 0.0640625 0.0890625
1 0.45546875 0.63671875 0.0609375 0.0875
1 0.68671875 0.73125 0.05625 0.0828125
1 0.684375 0.675 0.0578125 0.0625
1 0.740625 0.62421875 0.0796875 0.0625
1 0.97890625 0.5203125 0.0421875 0.065625
1 0.965625 0.5 0.06875 0.0625
1 0.2640625 0.315625 0.03125 0.04375
1 0.27109375 0.2859375 0.0296875 0.0328125
1 0.253125 0.26171875 0.034375 0.034375
1 0.2265625 0.26640625 0.0265625 0.034375
1 0.240625 0.2 0.0234375 0.028125
1 0.1765625 0.26875 0.0328125 0.0390625
1 0.1234375 0.2109375 0.034375 0.059375
1 0.1046875 0.165625 0.0234375 0.021875
1 0.171875 0.15546875 0.0171875 0.0296875
1 0.103125 0.11796875 0.015625 0.01875
1 0.14453125 0.10625 0.0171875 0.0203125
1 0.21953125 0.5109375 0.040625 0.0578125
1 0.68203125 0.94921875 0.0484375 0.046875