0 0.3109375 0.59375 0.1171875 0.19375
1 0.5125 0.60703125 0.0828125 0.06875
1 0.45859375 0.40859375 0.0390625 0.0484375
1 0.2015625 0.6890625 0.0546875 0.0875
1 0.2109375 0.62265625 0.05 0.078125
0 0.22734375 0.53671875 0.0703125 0.1375
0 0.30703125 0.42421875 0.15 0.190625
0 0.29140625 0.29765625 0.059375 0.0859375
0 0.26875 0.24296875 0.059375 0.1296875
0 0.271875 0.159375 0.04375 0.0890625
0 0.40390625 0.90703125 0.1296875 0.18125
1 0.32734375 0.3546875 0.0375 0.0515625
1 0.32890625 0.3171875 0.0359375 0.0453125
1 0.328125 0.28671875 0.028125 0.0359375
1 0.328125 0.26015625 0.0265625 0.040625
1 0.32265625 0.2296875 0.0328125 0.0484375
1 0.38515625 0.3453125 0.025 0.0390625
1 0.37265625 0.190625 0.0328125 0.0375
1 0.3671875 0.16484375 0.028125 0.028125
1 0.6015625 0.990625 0.06875 0.01875
1 0.7078125 0.725 0.0875 0.08125
1 0.83125 0.7609375 0.0890625 0.0734375
1 0.584375 0.73828125 0.071875 0.06875
1 0.5578125 0.7921875 0.0609375 0.0671875
1 0.56640625 0.85 0.0546875 0.065625
1 0.4984375 0.88046875 0.0546875 0.0890625
1 0.44921875 0.871875 0.0546875 0.0875
1 0.46328125 0.96875 0.0484375 0.0625
1 0.5171875 0.975 0.0625 0.05
1 0.55703125 0.9265625 0.0515625 0.0828125
1 0.4796875 0.3171875 0.040625 0.05
1 0.3953125 0.0453125 0.0234375 0.0390625
1 0.37265625 0.00390625 0.0171875 0.0078125
1 0.328125 0.003125 0.01875 0.00625