1 0.4984375 0.71328125 0.0453125 0.06015625
1 0.21640625 0.29765625 0.01953125 0.034375
1 0.24296875 0.16015625 0.0171875 0.02421875
1 0.3421875 0.5359375 0.02890625 0.04375
1 0.59921875 0.96953125 0.05078125 0.05859375
1 0.43671875 0.5109375 0.03125 0.04609375
1 0.5515625 0.85390625 0.04765625 0.06796875
1 0.275 0.5625 0.0390625 0.06328125
1 0.28671875 0.38046875 0.02109375 0.0328125
1 0.25859375 0.29375 0.01875 0.03203125
1 0.29375 0.2953125 0.02109375 0.034375
1 0.31796875 0.35078125 0.025 0.03203125
1 0.28515625 0.34765625 0.01796875 0.03203125
1 0.27109375 0.3265625 0.0171875 0.03203125
1 0.7046875 0.79453125 0.07421875 0.059375
1 0.1921875 0.19609375 0.01875 0.0328125
0 0.15859375 0.10234375 0.0203125 0.05703125
1 0.1796875 0.0390625 0.015625 0.02265625
1 0.31796875 0.28984375 0.01953125 0.03203125