0 0.553125 0.48203125 0.2234375 0.296875
0 0.6890625 0.07109375 0.071875 0.1265625
1 0.6046875 0.95546875 0.134375 0.0890625
1 0.6328125 0.075 0.0390625 0.0515625
1 0.71015625 0.37109375 0.05 0.075
1 0.7390625 0.2578125 0.0296875 0.0609375
1 0.7046875 0.321875 0.0375 0.0453125
1 0.6890625 0.2921875 0.0390625 0.0515625
1 0.7234375 0.20078125 0.03125 0.0546875
1 0.70703125 0.14609375 0.03125 0.0375
1 0.671875 0.203125 0.0359375 0.046875
1 0.65546875 0.14921875 0.0296875 0.0484375
1 0.5328125 0.015625 0.040625 0.025
0 0.50703125 0.25078125 0.06875 0.165625