1 0.275 0.6484375 0.0671875 0.12578125
1 0.53359375 0.89140625 0.096875 0.11875
0 0.11875 0.1828125 0.0703125 0.13984375
1 0.0234375 0.6453125 0.04296875 0.08125
1 0.6515625 0.8515625 0.11953125 0.084375
1 0.1203125 0.51953125 0.046875 0.06953125
1 0.21640625 0.7015625 0.0546875 0.07890625
1 0.28359375 0.940625 0.0703125 0.1140625
1 0.15390625 0.3609375 0.03515625 0.059375
1 0.009375 0.5390625 0.01875 0.08203125
1 0.2390625 0.44140625 0.04375 0.053125
1 0.21171875 0.384375 0.04375 0.0515625
1 0.0296875 0.20078125 0.03125 0.03984375
1 0.0203125 0.1703125 0.03671875 0.034375