0 0.2265625 0.3875 0.11875 0.19375
1 0.04765625 0.3828125 0.04375 0.0734375
1 0.25625 0.58125 0.0609375 0.0828125
1 0.15234375 0.303125 0.040625 0.0578125
1 0.13046875 0.06640625 0.0296875 0.0390625
1 0.17109375 0.40546875 0.046875 0.0609375
1 0.1890625 0.51328125 0.0546875 0.0703125
1 0.240625 0.78359375 0.075 0.1046875
1 0.28828125 0.26484375 0.0390625 0.0515625
1 0.11484375 0.3578125 0.040625 0.05625
1 0.24375 0.31484375 0.040625 0.05
1 0.475 0.2390625 0.04375 0.040625
1 0.0765625 0.0640625 0.0203125 0.0359375