1 0.415625 0.45234375 0.034375 0.0484375
1 0.33359375 0.8421875 0.0453125 0.10390625
1 0.490625 0.446875 0.03203125 0.04296875
1 0.403125 0.96484375 0.05 0.06796875
1 0.6234375 0.72734375 0.04609375 0.07109375
1 0.70859375 0.690625 0.065625 0.04140625
1 0.378125 0.2546875 0.01484375 0.040625
1 0.31171875 0.25390625 0.0203125 0.03046875
1 0.3296875 0.22265625 0.02265625 0.03203125
1 0.3484375 0.1921875 0.02421875 0.03203125
1 0.321875 0.203125 0.01328125 0.02890625
1 0.3203125 0.16484375 0.01640625 0.0265625
1 0.23671875 0.14609375 0.0171875 0.021875
1 0.26796875 0.08203125 0.01875 0.0140625
1 0.30625 0.23515625 0.02578125 0.03203125
1 0.30078125 0.20546875 0.0171875 0.028125