1 0.62578125 0.65390625 0.0734375 0.065625
1 0.41640625 0.91953125 0.059375 0.1125
1 0.52734375 0.9015625 0.0546875 0.0828125
1 0.4375 0.46328125 0.0375 0.05
1 0.3015625 0.3078125 0.0265625 0.0375
1 0.4578125 0.57734375 0.0421875 0.0546875
1 0.3625 0.3171875 0.0296875 0.0390625
1 0.4921875 0.5421875 0.0515625 0.0546875
1 0.49921875 0.4796875 0.0390625 0.046875
1 0.58671875 0.590625 0.0765625 0.065625
1 0.9671875 0.5453125 0.065625 0.078125
1 0.95234375 0.621875 0.0953125 0.0625
1 0.84375 0.60703125 0.0859375 0.0546875
1 0.75234375 0.65390625 0.0921875 0.0625
1 0.678125 0.6875 0.05625 0.0578125
1 0.76484375 0.94140625 0.0640625 0.065625
0 0.7046875 0.92265625 0.096875 0.1203125
0 0.30078125 0.175 0.0546875 0.0734375
1 0.590625 0.8890625 0.05625 0.0875
1 0.6390625 0.84765625 0.0578125 0.08125
1 0.3078125 0.6203125 0.0453125 0.0703125
1 0.25078125 0.609375 0.034375 0.053125
1 0.29453125 0.56953125 0.0359375 0.0515625
1 0.26953125 0.53515625 0.0328125 0.05
1 0.2625 0.48984375 0.0375 0.059375
1 0.271875 0.1890625 0.025 0.0265625
1 0.26015625 0.175 0.0234375 0.021875
1 0.240625 0.14609375 0.028125 0.03125
0 0.22890625 0.07734375 0.034375 0.05625
1 0.17109375 0.21640625 0.0234375 0.040625