1 0.3328125 0.57265625 0.03515625 0.0625
1 0.6234375 0.7859375 0.04453125 0.0640625
1 0.24140625 0.60078125 0.0359375 0.0625
1 0.3625 0.8953125 0.046875 0.1125
1 0.453125 0.37109375 0.02578125 0.0359375
1 0.4984375 0.92421875 0.05078125 0.09296875
1 0.6078125 0.896875 0.05546875 0.0859375
1 0.55625 0.93203125 0.05078125 0.0859375
1 0.68125 0.62109375 0.05546875 0.046875
1 0.9125 0.65625 0.0796875 0.0234375
1 0.91640625 0.6875 0.06875 0.04140625
1 0.98046875 0.671875 0.0390625 0.0859375
1 0.94765625 0.60234375 0.1046875 0.084375
1 0.5984375 0.646875 0.07578125 0.0515625
1 0.4640625 0.59921875 0.06171875 0.0625
1 0.49453125 0.56875 0.03125 0.05390625
1 0.5 0.47421875 0.03046875 0.04296875
1 0.4859375 0.42734375 0.02890625 0.0515625
1 0.2859375 0.075 0.0171875 0.025
1 0.26015625 0.06796875 0.028125 0.028125
1 0.2390625 0.028125 0.01484375 0.025