1 0.13984375 0.8359375 0.053125 0.1109375
1 0.11015625 0.23125 0.028125 0.0375
1 0.20234375 0.56171875 0.040625 0.065625
1 0.140625 0.4015625 0.034375 0.053125
1 0.0328125 0.459375 0.0359375 0.071875
1 0.38125 0.90078125 0.0625 0.11875
1 0.10078125 0.68125 0.05 0.103125
1 0.08984375 0.40390625 0.053125 0.0546875
1 0.02265625 0.3859375 0.028125 0.059375
1 0.0109375 0.11796875 0.021875 0.0546875
1 0.0046875 0.303125 0.009375 0.040625
0 0.0390625 0.0359375 0.0375 0.071875
1 0.01484375 0.0609375 0.01875 0.028125