0 0.3921875 0.32421875 0.165625 0.271875
0 0.709375 0.7703125 0.2734375 0.409375
0 0.26953125 0.11875 0.121875 0.16875
1 0.14609375 0.22265625 0.05625 0.0875
1 0.18125 0.440625 0.0640625 0.1078125
1 0.03359375 0.1546875 0.046875 0.071875
1 0.41875 0.240625 0.0640625 0.084375
1 0.35078125 0.61953125 0.0859375 0.1453125
1 0.63046875 0.56015625 0.0765625 0.115625
1 0.5734375 0.459375 0.0828125 0.1140625
1 0.509375 0.3671875 0.0734375 0.0828125
1 0.8515625 0.84765625 0.1359375 0.1828125
0 0.35234375 0.75546875 0.2859375 0.4890625