0 0.27734375 0.4859375 0.146875 0.175
1 0.2734375 0.3046875 0.025 0.040625
1 0.4765625 0.43046875 0.034375 0.04140625
1 0.29375 0.59765625 0.03515625 0.0765625
2 0.6125 0.6265625 0.11171875 0.08046875
1 0.8140625 0.6453125 0.07890625 0.0484375
1 0.9828125 0.64453125 0.034375 0.0640625
1 0.53125 0.6 0.06640625 0.0609375
1 0.4578125 0.37265625 0.021875 0.04296875
1 0.4390625 0.33359375 0.02265625 0.0390625
1 0.2234375 0.0734375 0.015625 0.03046875
1 0.21328125 0.02890625 0.0203125 0.025
1 0.2078125 0.01171875 0.01484375 0.02109375
1 0.246875 0.0234375 0.01796875 0.021875
0 0.4015625 0.290625 0.03515625 0.0984375
0 0.39765625 0.22421875 0.034375 0.0625
0 0.31640625 0.1234375 0.0421875 0.078125
0 0.2 0.06328125 0.02421875 0.059375