1 0.5015625 0.58828125 0.03828125 0.05390625
1 0.36796875 0.80703125 0.0453125 0.096875
1 0.3046875 0.67421875 0.03984375 0.0765625
1 0.4453125 0.7953125 0.06875 0.07890625
1 0.24140625 0.60078125 0.0359375 0.0625
1 0.440625 0.4828125 0.03515625 0.0484375
1 0.5 0.46875 0.02421875 0.04609375
1 0.4890625 0.428125 0.02734375 0.0359375
1 0.453125 0.37109375 0.01953125 0.04140625
1 0.415625 0.3078125 0.01640625 0.0375
1 0.2546875 0.21953125 0.02109375 0.0390625
1 0.2375 0.1515625 0.02421875 0.03359375
1 0.303125 0.140625 0.01484375 0.01953125
0 0.303125 0.20625 0.03828125 0.0875
0 0.35234375 0.28984375 0.0578125 0.109375
1 0.33125 0.21484375 0.01875 0.034375
1 0.96875 0.628125 0.0625 0.059375