1 0.659375 0.93125 0.059375 0.0859375
1 0.484375 0.53046875 0.0421875 0.0484375
0 0.58671875 0.88828125 0.11875 0.2203125
1 0.475 0.5859375 0.0578125 0.0484375
1 0.70859375 0.60625 0.0859375 0.0484375
1 0.87109375 0.5890625 0.0734375 0.0625
1 0.9734375 0.61875 0.053125 0.05625
1 0.9671875 0.596875 0.065625 0.05
1 0.3359375 0.5765625 0.040625 0.0859375
1 0.321875 0.52890625 0.0375 0.0609375
1 0.49375 0.4546875 0.0375 0.0578125
1 0.2375 0.340625 0.0265625 0.046875
1 0.33046875 0.17265625 0.021875 0.0359375
1 0.1984375 0.11484375 0.015625 0.0234375
1 0.19375 0.0890625 0.0171875 0.028125
0 0.17109375 0.09375 0.0265625 0.06875
0 0.21015625 0.41640625 0.05625 0.1703125