1 0.225 0.7078125 0.046875 0.09375
1 0.353125 0.18125 0.0234375 0.0359375
1 0.4796875 0.40859375 0.0359375 0.04375
1 0.46796875 0.50390625 0.040625 0.05
1 0.4375 0.8984375 0.05625 0.0828125
1 0.41640625 0.4296875 0.034375 0.046875
1 0.58359375 0.9734375 0.0609375 0.053125
1 0.5671875 0.90546875 0.059375 0.0859375
1 0.28125 0.56875 0.040625 0.071875
0 0.50390625 0.89921875 0.0859375 0.165625
1 0.9484375 0.71953125 0.06875 0.0640625
1 0.3296875 0.57109375 0.040625 0.065625
1 0.33046875 0.51640625 0.0390625 0.053125
1 0.315625 0.475 0.0375 0.06875
1 0.24765625 0.178125 0.0265625 0.0390625