1 0.39765625 0.4890625 0.03125 0.0515625
1 0.4109375 0.58515625 0.03828125 0.05390625
1 0.60703125 0.9828125 0.046875 0.03203125
1 0.484375 0.71953125 0.07734375 0.06328125
1 0.34375 0.35546875 0.02421875 0.03671875
1 0.58828125 0.71171875 0.07890625 0.065625
1 0.771875 0.8859375 0.10390625 0.1
1 0.28984375 0.38828125 0.02265625 0.0390625
0 0.53515625 0.95 0.0859375 0.1
1 0.8953125 0.69375 0.1203125 0.0859375
1 0.30078125 0.690625 0.03828125 0.06875
1 0.23828125 0.65546875 0.03515625 0.0859375
1 0.29140625 0.63125 0.03203125 0.06875
1 0.2671875 0.3109375 0.02421875 0.03671875
1 0.2640625 0.26953125 0.021875 0.028125