0 0.5203125 0.9109375 0.128125 0.178125
1 0.2828125 0.68984375 0.0515625 0.0828125
1 0.48125 0.7625 0.0484375 0.0703125
1 0.215625 0.93203125 0.0578125 0.0765625
1 0.51015625 0.66875 0.0453125 0.0625
1 0.334375 0.725 0.0484375 0.08125
1 0.48046875 0.4078125 0.0359375 0.0453125
1 0.41953125 0.70703125 0.05 0.06875
0 0.32265625 0.45 0.090625 0.184375
0 0.2546875 0.48671875 0.096875 0.1453125
0 0.2515625 0.37734375 0.0625 0.1109375
1 0.2765625 0.05078125 0.021875 0.0234375
1 0.25546875 0.01015625 0.0171875 0.0203125
1 0.27578125 0.009375 0.0171875 0.01875