0 0.3984375 0.23984375 0.040625 0.090625
1 0.4015625 0.32734375 0.02734375 0.034375
1 0.7296875 0.67265625 0.0828125 0.07109375
1 0.265625 0.91875 0.04453125 0.13203125
1 0.290625 0.634375 0.0328125 0.06640625
1 0.328125 0.53828125 0.0296875 0.059375
1 0.2421875 0.66640625 0.0328125 0.0609375
1 0.24375 0.6109375 0.03515625 0.053125
1 0.24609375 0.62265625 0.003125 0.0015625
1 0.2703125 0.4 0.021875 0.05546875
1 0.2125 0.37578125 0.028125 0.05390625
0 0.2 0.15390625 0.04453125 0.0859375
1 0.334375 0.20546875 0.0234375 0.05
1 0.3 0.215625 0.02265625 0.0390625
1 0.28359375 0.17734375 0.028125 0.0234375
1 0.23671875 0.153125 0.0296875 0.028125
1 0.25625 0.0515625 0.01328125 0.028125