0 0.26328125 0.53125 0.1421875 0.190625
0 0.27109375 0.446875 0.1046875 0.14375
1 0.41015625 0.5484375 0.046875 0.0609375
1 0.14375 0.21015625 0.0390625 0.034375
1 0.21015625 0.1828125 0.0234375 0.0296875
1 0.2796875 0.64375 0.0453125 0.0703125
1 0.734375 0.92734375 0.0625 0.06875
1 0.48046875 0.5140625 0.046875 0.0546875
1 0.39609375 0.3890625 0.034375 0.0421875
1 0.425 0.446875 0.0390625 0.0484375
1 0.18515625 0.12109375 0.01875 0.0265625
1 0.3265625 0.31484375 0.0328125 0.040625
1 0.5703125 0.584375 0.0828125 0.0671875
1 0.684375 0.83515625 0.084375 0.121875
1 0.67421875 0.94375 0.071875 0.0671875
1 0.61171875 0.9625 0.053125 0.05625
1 0.57734375 0.89140625 0.065625 0.0921875
1 0.740625 0.63984375 0.075 0.05625
1 0.72109375 0.609375 0.0796875 0.0703125
1 0.92890625 0.58203125 0.0796875 0.06875
1 0.97890625 0.56484375 0.0421875 0.0796875
0 0.3578125 0.60078125 0.078125 0.1328125
1 0.428125 0.3796875 0.034375 0.04375
1 0.30390625 0.26796875 0.0234375 0.0328125
1 0.3140625 0.23671875 0.0203125 0.03125
1 0.31953125 0.6296875 0.040625 0.0640625
1 0.6234375 0.86015625 0.0625 0.09375