1 0.40859375 0.81953125 0.028125 0.0390625
0 0.51484375 0.79765625 0.0546875 0.10859375
0 0.48984375 0.74140625 0.0578125 0.1125
0 0.378125 0.68671875 0.046875 0.053125
1 0.43359375 0.78515625 0.02421875 0.0359375
1 0.41484375 0.73515625 0.0234375 0.028125
1 0.3859375 0.734375 0.021875 0.0265625
0 0.3375 0.73515625 0.02734375 0.0796875
1 0.31015625 0.6828125 0.03125 0.0234375
1 0.28671875 0.7015625 0.025 0.028125
1 0.39921875 0.66796875 0.0109375 0.0234375
1 0.3453125 0.5875 0.0140625 0.0234375
1 0.33359375 0.56484375 0.01171875 0.02890625
1 0.3171875 0.53671875 0.02109375 0.0234375