2 0.57734375 0.90625 0.1078125 0.1875
0 0.7515625 0.1640625 0.090625 0.1421875
1 0.57578125 0.55 0.059375 0.096875
1 0.73671875 0.50078125 0.0578125 0.0765625
1 0.63515625 0.63125 0.0671875 0.1046875
1 0.75625 0.6125 0.0578125 0.08125
1 0.62890625 0.36640625 0.053125 0.0765625
1 0.78359375 0.815625 0.090625 0.1265625
1 0.76484375 0.31484375 0.04375 0.059375
1 0.76484375 0.27578125 0.040625 0.0484375
1 0.759375 0.23984375 0.040625 0.0546875
1 0.7125 0.26796875 0.0484375 0.071875
1 0.70390625 0.22265625 0.0453125 0.0546875
1 0.7015625 0.18828125 0.0421875 0.046875
1 0.70234375 0.1578125 0.0375 0.0515625
1 0.696875 0.13046875 0.0421875 0.0546875
1 0.628125 0.1703125 0.0375 0.05625
1 0.58125 0.14921875 0.034375 0.053125
0 0.51171875 0.43515625 0.1 0.23125
0 0.52890625 0.271875 0.08125 0.1625
0 0.5515625 0.17265625 0.04375 0.075