1 0.3203125 0.5296875 0.05 0.06875
1 0.55078125 0.80703125 0.059375 0.0734375
1 0.225 0.53515625 0.05 0.06875
1 0.27109375 0.85 0.0734375 0.1203125
1 0.4859375 0.36328125 0.034375 0.040625
1 0.39609375 0.9109375 0.071875 0.103125
1 0.50859375 0.9109375 0.075 0.096875
1 0.45 0.9328125 0.0703125 0.0953125
1 0.646875 0.66171875 0.065625 0.059375
1 0.8625 0.7515625 0.0828125 0.0421875
1 0.85859375 0.7828125 0.0765625 0.05625
1 0.925 0.7828125 0.059375 0.0921875
1 0.909375 0.7078125 0.121875 0.1078125
1 0.56015625 0.66640625 0.0859375 0.06875
1 0.44140625 0.5875 0.075 0.075
1 0.478125 0.565625 0.04375 0.059375
1 0.50625 0.475 0.040625 0.0484375
1 0.50390625 0.42578125 0.040625 0.05625
1 0.3953125 0.0359375 0.0234375 0.028125
1 0.371875 0.02265625 0.034375 0.034375