0 0.39765625 0.2109375 0.0421875 0.0796875
1 0.471875 0.84296875 0.05 0.075
1 0.37890625 0.790625 0.059375 0.090625
1 0.33359375 0.18984375 0.021875 0.0359375
1 0.26796875 0.55234375 0.0421875 0.071875
1 0.35390625 0.9171875 0.05625 0.115625
1 0.353125 0.2640625 0.021875 0.034375
1 0.2546875 0.92421875 0.05625 0.1359375
1 0.48046875 0.60546875 0.0671875 0.059375
1 0.49765625 0.5609375 0.05625 0.0484375
1 0.84609375 0.66640625 0.0859375 0.053125
1 0.9671875 0.63671875 0.0578125 0.053125
1 0.49140625 0.440625 0.0296875 0.046875
1 0.4328125 0.4203125 0.0203125 0.0234375
1 0.39375 0.321875 0.025 0.0390625
1 0.290625 0.090625 0.0203125 0.025