1 0.52109375 0.5859375 0.05 0.0609375
1 0.440625 0.82890625 0.065625 0.1046875
1 0.34921875 0.7140625 0.05625 0.0828125
1 0.51328125 0.8 0.084375 0.0921875
1 0.27109375 0.65625 0.0484375 0.06875
1 0.43828125 0.496875 0.0453125 0.0546875
1 0.49296875 0.46953125 0.034375 0.05
1 0.4734375 0.4328125 0.034375 0.040625
1 0.425 0.38515625 0.028125 0.0453125
1 0.37421875 0.33203125 0.025 0.040625
1 0.19765625 0.28203125 0.0296875 0.0421875
1 0.165625 0.21953125 0.03125 0.0375
1 0.22734375 0.19375 0.01875 0.021875
0 0.2421875 0.2578125 0.05625 0.09375
0 0.30859375 0.328125 0.08125 0.1203125
1 0.27109375 0.26015625 0.0265625 0.0375
1 0.97421875 0.51875 0.0515625 0.071875