1 0.496875 0.9421875 0.03671875 0.05625
1 0.2765625 0.8328125 0.02578125 0.05703125
1 0.20703125 0.6765625 0.021875 0.0328125
1 0.27734375 0.66796875 0.0234375 0.02890625
1 0.22265625 0.584375 0.01796875 0.028125
1 0.25625 0.54453125 0.01796875 0.025
1 0.21796875 0.55546875 0.0171875 0.0265625
1 0.21328125 0.52890625 0.01640625 0.03203125
1 0.2203125 0.4875 0.0171875 0.03046875
1 0.20546875 0.490625 0.0140625 0.02109375
0 0.3046875 0.65234375 0.04921875 0.08203125
0 0.3390625 0.64453125 0.05 0.08359375
0 0.2140625 0.87109375 0.0546875 0.13125