1 0.48984375 0.58203125 0.04375 0.0625
1 0.571875 0.7734375 0.0609375 0.0734375
1 0.3015625 0.35546875 0.03125 0.046875
1 0.42734375 0.38671875 0.0328125 0.0453125
1 0.34375 0.84140625 0.0546875 0.109375
1 0.334375 0.65390625 0.04375 0.075
1 0.28828125 0.7296875 0.0453125 0.09375
1 0.23125 0.90234375 0.0625 0.1359375
1 0.2296875 0.646875 0.0453125 0.08125
1 0.23046875 0.5859375 0.0375 0.065625
1 0.3921875 0.24921875 0.021875 0.0359375
1 0.253125 0.21796875 0.028125 0.046875
1 0.378125 0.20390625 0.0171875 0.0296875
1 0.36015625 0.23125 0.0234375 0.0375
1 0.33125 0.22734375 0.0296875 0.0296875
1 0.35703125 0.20859375 0.01875 0.0234375
1 0.353125 0.1875 0.021875 0.0234375
1 0.3234375 0.203125 0.0203125 0.0234375
1 0.34453125 0.13984375 0.0203125 0.025
1 0.31484375 0.08203125 0.0203125 0.0203125
1 0.296875 0.02890625 0.01875 0.0234375
1 0.2625 0.08515625 0.0234375 0.034375
0 0.41171875 0.20078125 0.0453125 0.08125