1 0.634375 0.96484375 0.0453125 0.040625
1 0.584375 0.98125 0.0359375 0.0265625
0 0.57578125 0.79765625 0.065625 0.1171875
0 0.52578125 0.7359375 0.071875 0.1109375
1 0.52265625 0.87265625 0.03125 0.034375
1 0.4859375 0.8640625 0.0359375 0.040625
1 0.50234375 0.834375 0.0296875 0.040625
0 0.48828125 0.78671875 0.0421875 0.0625
1 0.4671875 0.775 0.0171875 0.0328125
1 0.45859375 0.75625 0.0234375 0.03125
1 0.4671875 0.83125 0.0265625 0.0390625
1 0.45234375 0.81640625 0.0234375 0.0421875
1 0.434375 0.7796875 0.0328125 0.0421875
1 0.4234375 0.7546875 0.0265625 0.028125
1 0.33046875 0.57421875 0.0203125 0.0234375
1 0.31328125 0.50234375 0.0125 0.0171875