0 0.384375 0.8578125 0.0828125 0.2734375
1 0.2390625 0.67890625 0.03984375 0.075
1 0.30625 0.803125 0.04296875 0.09296875
1 0.48125 0.53515625 0.03203125 0.0515625
1 0.29296875 0.63125 0.0375 0.0765625
1 0.68984375 0.965625 0.0578125 0.065625
1 0.62109375 0.734375 0.040625 0.0734375
1 0.32578125 0.54609375 0.040625 0.0640625
1 0.4546875 0.45703125 0.02890625 0.05
1 0.41484375 0.4578125 0.0265625 0.040625
1 0.3734375 0.44296875 0.02734375 0.05
1 0.24453125 0.37890625 0.028125 0.046875
1 0.26640625 0.26640625 0.0203125 0.03359375
1 0.3765625 0.3640625 0.02265625 0.04453125
1 0.328125 0.309375 0.0203125 0.02890625
1 0.22578125 0.2171875 0.0203125 0.034375
1 0.2515625 0.18671875 0.021875 0.04609375
1 0.23359375 0.14609375 0.01875 0.03046875
1 0.209375 0.121875 0.01640625 0.040625
1 0.31875 0.27890625 0.0265625 0.028125
1 0.328125 0.2140625 0.02578125 0.028125
1 0.3125 0.2484375 0.01640625 0.021875
1 0.3078125 0.228125 0.02109375 0.02890625
1 0.3 0.203125 0.021875 0.0234375