0 0.5625 0.88125 0.12109375 0.234375
1 0.4734375 0.8875 0.04765625 0.08046875
1 0.3640625 0.4078125 0.025 0.040625
1 0.36953125 0.328125 0.028125 0.0390625
1 0.64140625 0.95625 0.05625 0.0875
1 0.5984375 0.85390625 0.0453125 0.09453125
1 0.9796875 0.66015625 0.03984375 0.10390625
1 0.7296875 0.6234375 0.084375 0.0640625
1 0.546875 0.584375 0.06953125 0.0625
1 0.515625 0.48359375 0.04296875 0.075
1 0.4328125 0.515625 0.03984375 0.05
1 0.434375 0.45625 0.03359375 0.05390625
1 0.475 0.421875 0.02578125 0.04140625
1 0.3421875 0.5984375 0.03828125 0.046875
1 0.3296875 0.54140625 0.03125 0.05859375
1 0.2890625 0.603125 0.040625 0.046875
1 0.2859375 0.55 0.03515625 0.06640625
1 0.2375 0.58046875 0.03671875 0.05546875
1 0.240625 0.678125 0.0390625 0.06796875
1 0.3234375 0.3078125 0.02734375 0.034375
1 0.2140625 0.3171875 0.02890625 0.05703125
1 0.31875 0.253125 0.02734375 0.03359375
1 0.2984375 0.20625 0.025 0.034375
1 0.3203125 0.165625 0.01953125 0.04453125
1 0.2765625 0.09921875 0.0265625 0.034375
1 0.2640625 0.06953125 0.01484375 0.028125
1 0.2265625 0.103125 0.01640625 0.034375
1 0.2359375 0.021875 0.01484375 0.02109375