0 0.49765625 0.51328125 0.071875 0.1453125
1 0.4984375 0.72890625 0.040625 0.0671875
1 0.57734375 0.84375 0.0515625 0.0734375
1 0.34921875 0.6953125 0.04375 0.078125
1 0.51484375 0.8421875 0.05 0.0828125
0 0.23828125 0.39375 0.0859375 0.14375
0 0.215625 0.28046875 0.034375 0.090625
1 0.2515625 0.915625 0.0484375 0.1359375
1 0.29921875 0.78359375 0.0421875 0.0828125
1 0.29453125 0.68671875 0.034375 0.078125
1 0.2359375 0.66328125 0.0296875 0.0609375
1 0.234375 0.60078125 0.028125 0.0578125
1 0.290625 0.58359375 0.040625 0.0796875
1 0.3296875 0.5234375 0.0328125 0.0578125
1 0.44140625 0.54453125 0.0375 0.05625
1 0.39375 0.54375 0.034375 0.05
1 0.315625 0.446875 0.03125 0.0609375
1 0.28203125 0.2828125 0.0234375 0.04375
1 0.26875 0.2234375 0.025 0.05
1 0.25625 0.18359375 0.015625 0.034375
1 0.31015625 0.19921875 0.0140625 0.0328125
1 0.33515625 0.19921875 0.0203125 0.025
1 0.24765625 0.1125 0.01875 0.021875
1 0.23828125 0.08125 0.0171875 0.0296875
1 0.2328125 0.03671875 0.01875 0.03125
1 0.29921875 0.06484375 0.0171875 0.034375
1 0.25546875 0.01953125 0.015625 0.025