0 0.334375 0.640625 0.0828125 0.2359375
0 0.31015625 0.453125 0.065625 0.14296875
1 0.271875 0.81484375 0.04140625 0.090625
1 0.3484375 0.36953125 0.02734375 0.0359375
1 0.34609375 0.271875 0.0203125 0.034375
1 0.51640625 0.625 0.034375 0.053125
1 0.471875 0.640625 0.03828125 0.05859375
1 0.52109375 0.80625 0.040625 0.065625
1 0.62890625 0.965625 0.05 0.065625
1 0.56640625 0.775 0.046875 0.08046875
1 0.48046875 0.878125 0.0484375 0.09453125
1 0.4421875 0.7140625 0.03828125 0.0640625
1 0.56171875 0.96640625 0.0484375 0.0640625
1 0.31875 0.96875 0.04296875 0.059375
1 0.4015625 0.5546875 0.03359375 0.0484375
1 0.703125 0.68828125 0.07421875 0.059375
1 0.95703125 0.61640625 0.0859375 0.0578125
1 0.42890625 0.4015625 0.0328125 0.05859375
1 0.4546875 0.36875 0.02421875 0.02890625
1 0.37734375 0.20390625 0.01875 0.025
1 0.334375 0.2265625 0.0109375 0.021875
1 0.303125 0.228125 0.01953125 0.0265625
1 0.296875 0.203125 0.02578125 0.0265625
1 0.225 0.08125 0.00859375 0.01796875
1 0.2015625 0.0890625 0.01171875 0.021875
1 0.209375 0.02734375 0.009375 0.0265625
0 0.3921875 0.90859375 0.05625 0.1828125