1 0.2484375 0.7359375 0.0390625 0.09140625
1 0.378125 0.82109375 0.04296875 0.09453125
1 0.5875 0.8203125 0.0453125 0.0765625
1 0.2421875 0.19296875 0.01953125 0.03046875
1 0.4953125 0.946875 0.0515625 0.09140625
1 0.659375 0.95859375 0.0875 0.08046875
1 0.48046875 0.66015625 0.0359375 0.05703125
1 0.49453125 0.5625 0.0375 0.053125
1 0.346875 0.621875 0.0421875 0.07109375
1 0.53671875 0.6796875 0.0390625 0.059375
1 0.3484375 0.37734375 0.02734375 0.0375
1 0.3421875 0.9828125 0.0375 0.03203125
1 0.4671875 0.446875 0.02578125 0.04296875
1 0.334375 0.21796875 0.02734375 0.03359375
1 0.41796875 0.60703125 0.0375 0.0640625
0 0.4390625 0.53046875 0.04140625 0.0890625