0 0.2546875 0.4703125 0.103125 0.1640625
1 0.53515625 0.87890625 0.059375 0.0828125
1 0.51328125 0.528125 0.0421875 0.053125
1 0.46953125 0.3421875 0.034375 0.0453125
1 0.559375 0.96796875 0.06875 0.0640625
1 0.42890625 0.31875 0.03125 0.0421875
1 0.47578125 0.8796875 0.05625 0.08125
1 0.4046875 0.16484375 0.025 0.0328125
1 0.48125 0.95625 0.0625 0.0875
1 0.2828125 0.575 0.0421875 0.0703125
1 0.3328125 0.55859375 0.04375 0.0625
1 0.32265625 0.5015625 0.0421875 0.059375
1 0.32890625 0.45390625 0.046875 0.0515625
1 0.31875 0.425 0.040625 0.0515625
1 0.315625 0.39375 0.0453125 0.046875
1 0.3140625 0.35390625 0.0375 0.04375
1 0.27734375 0.4 0.0265625 0.04375
1 0.27578125 0.3484375 0.028125 0.05625
1 0.353125 0.22109375 0.021875 0.034375
1 0.3734375 0.1875 0.01875 0.0359375
1 0.34921875 0.1953125 0.0203125 0.025
1 0.34765625 0.17265625 0.021875 0.0296875
1 0.3515625 0.09296875 0.01875 0.0234375
1 0.35703125 0.06953125 0.0203125 0.03125
1 0.33203125 0.0296875 0.0171875 0.025
1 0.3453125 0.01015625 0.021875 0.0203125
1 0.31796875 0.00859375 0.0234375 0.0171875