1 0.4015625 0.78046875 0.06953125 0.09453125
1 0.5984375 0.88203125 0.053125 0.078125
1 0.3546875 0.378125 0.02734375 0.0390625
1 0.36484375 0.928125 0.046875 0.115625
1 0.2453125 0.61328125 0.03359375 0.065625
1 0.35 0.27578125 0.02265625 0.034375
1 0.48203125 0.5390625 0.0421875 0.046875
1 0.4109375 0.3703125 0.02421875 0.0375
1 0.5421875 0.90234375 0.0484375 0.0875
1 0.47734375 0.41875 0.0296875 0.04296875
0 0.5859375 0.98671875 0.08828125 0.0265625
1 0.6359375 0.9703125 0.04609375 0.059375
1 0.3 0.6140625 0.03125 0.053125
1 0.34375 0.59140625 0.02734375 0.0640625
1 0.3375 0.546875 0.02890625 0.05546875
1 0.3265625 0.49765625 0.0328125 0.0484375
1 0.29375 0.55859375 0.0265625 0.075
1 0.278125 0.52890625 0.02265625 0.0390625
1 0.2359375 0.46015625 0.02734375 0.0515625
1 0.55 0.64765625 0.09453125 0.08203125
1 0.6203125 0.76953125 0.04296875 0.075
1 0.6359375 0.709375 0.05078125 0.0640625
1 0.66875 0.6578125 0.07265625 0.05703125
1 0.7328125 0.696875 0.07109375 0.05859375
1 0.9796875 0.678125 0.03671875 0.05
1 0.9546875 0.621875 0.0625 0.040625
1 0.4546875 0.3671875 0.02734375 0.034375
1 0.2296875 0.10390625 0.0109375 0.028125
1 0.240625 0.03359375 0.0109375 0.025