0 0.484375 0.640625 0.09296875 0.22890625
1 0.2875 0.5921875 0.03671875 0.06796875
1 0.45625 0.371875 0.02734375 0.040625
1 0.23828125 0.5765625 0.0328125 0.0640625
1 0.42890625 0.65234375 0.034375 0.059375
1 0.2390625 0.6796875 0.0359375 0.0765625
1 0.31484375 0.8140625 0.0453125 0.103125
1 0.5265625 0.5953125 0.034375 0.05390625
1 0.3734375 0.77421875 0.0375 0.09609375
0 0.5640625 0.88046875 0.11640625 0.2390625
1 0.625 0.940625 0.040625 0.0875
1 0.73515625 0.68359375 0.071875 0.053125
1 0.5515625 0.68828125 0.04296875 0.05703125
1 0.584375 0.81484375 0.03359375 0.07109375
1 0.496875 0.95 0.05078125 0.1
1 0.46875 0.82109375 0.03828125 0.0859375
1 0.275 0.309375 0.02734375 0.0515625
1 0.309375 0.25078125 0.028125 0.034375
1 0.378125 0.25703125 0.0171875 0.03359375
1 0.33515625 0.21796875 0.021875 0.025
1 0.30390625 0.21875 0.0265625 0.034375
1 0.25390625 0.22734375 0.0203125 0.034375
1 0.24921875 0.18125 0.015625 0.0234375
1 0.2375 0.15390625 0.01640625 0.03046875
1 0.22109375 0.1171875 0.0125 0.03203125