0 0.3859375 0.20703125 0.04375 0.084375
1 0.6015625 0.890625 0.053125 0.078125
1 0.66015625 0.70390625 0.059375 0.0640625
1 0.30078125 0.43671875 0.0296875 0.0625
1 0.25625 0.38359375 0.0234375 0.04375
1 0.4546875 0.3703125 0.028125 0.040625
1 0.26171875 0.43671875 0.0265625 0.0484375
1 0.78671875 0.684375 0.0765625 0.05625
1 0.89453125 0.65625 0.0796875 0.04375
1 0.8890625 0.61328125 0.084375 0.04375
1 0.3984375 0.34765625 0.01875 0.0375
1 0.28515625 0.18359375 0.028125 0.0359375
1 0.346875 0.203125 0.01875 0.0265625
1 0.28125 0.16171875 0.015625 0.0265625
1 0.2109375 0.190625 0.015625 0.028125
1 0.2265625 0.1015625 0.015625 0.028125
1 0.25 0.0453125 0.0125 0.01875