0 0.4984375 0.51328125 0.06640625 0.14296875
1 0.50625 0.72890625 0.03828125 0.06640625
1 0.5890625 0.840625 0.04921875 0.071875
1 0.35625 0.70078125 0.04140625 0.0765625
1 0.5265625 0.84140625 0.046875 0.08046875
0 0.234375 0.403125 0.08046875 0.140625
0 0.2078125 0.290625 0.03203125 0.0890625
1 0.26640625 0.92421875 0.04375 0.134375
1 0.309375 0.790625 0.03984375 0.08203125
1 0.3015625 0.69375 0.03125 0.0765625
1 0.2421875 0.67265625 0.02734375 0.059375
1 0.23828125 0.61015625 0.0265625 0.05703125
1 0.29375 0.590625 0.03828125 0.078125
1 0.33046875 0.5296875 0.03125 0.05703125
1 0.44296875 0.546875 0.0359375 0.05546875
1 0.3953125 0.54765625 0.03203125 0.0484375
1 0.3140625 0.453125 0.0296875 0.059375
1 0.27421875 0.290625 0.021875 0.04296875
1 0.259375 0.23203125 0.02265625 0.05
1 0.2453125 0.1921875 0.01484375 0.034375
1 0.3 0.20625 0.0125 0.03203125
1 0.325 0.20546875 0.01875 0.025
1 0.234375 0.121875 0.01796875 0.021875
1 0.2234375 0.090625 0.01640625 0.02890625
1 0.2171875 0.04609375 0.01796875 0.03046875
1 0.284375 0.071875 0.01640625 0.03359375
1 0.2390625 0.028125 0.0140625 0.025