0 0.34296875 0.165625 0.06796875 0.08671875
1 0.275 0.1859375 0.02265625 0.03046875
1 0.27578125 0.5796875 0.03203125 0.0703125
1 0.36484375 0.36796875 0.02890625 0.04140625
1 0.23515625 0.71328125 0.03828125 0.07890625
1 0.63984375 0.82578125 0.04921875 0.07578125
1 0.38515625 0.42890625 0.03203125 0.0484375
1 0.3296875 0.59375 0.0359375 0.0765625
1 0.628125 0.9515625 0.05859375 0.09140625
1 0.21328125 0.1484375 0.03671875 0.03984375
1 0.84921875 0.6515625 0.08125 0.0703125
1 0.96875 0.58828125 0.06171875 0.0515625