0 0.6359375 0.8734375 0.1390625 0.2484375
1 0.5234375 0.68828125 0.0765625 0.0640625
1 0.39296875 0.784375 0.065625 0.0890625
1 0.546875 0.59296875 0.059375 0.053125
1 0.4421875 0.49609375 0.0359375 0.046875
1 0.48828125 0.90703125 0.046875 0.078125
1 0.54921875 0.9125 0.05 0.0796875
0 0.74609375 0.62109375 0.1109375 0.0796875
0 0.2234375 0.4203125 0.05 0.1609375
0 0.21484375 0.31015625 0.0375 0.0953125
0 0.271875 0.06953125 0.025 0.0484375
2 0.253125 0.34375 0.0328125 0.0796875
0 0.28671875 0.53828125 0.0609375 0.1796875
1 0.253125 0.75078125 0.040625 0.1
1 0.24296875 0.65859375 0.0390625 0.078125
1 0.340625 0.596875 0.028125 0.0625
1 0.33671875 0.5390625 0.0265625 0.046875
1 0.328125 0.51015625 0.0328125 0.0421875
1 0.31484375 0.4625 0.025 0.0484375
1 0.30078125 0.42421875 0.0296875 0.0421875
1 0.271875 0.43203125 0.025 0.034375
1 0.22578125 0.56796875 0.0265625 0.04375
1 0.2453125 0.60859375 0.01875 0.03125
1 0.56328125 0.975 0.0421875 0.0484375
1 0.95 0.6703125 0.09375 0.0609375
1 0.365625 0.3359375 0.0203125 0.0421875
1 0.35078125 0.27578125 0.0171875 0.03125
1 0.3171875 0.28125 0.0296875 0.0328125
1 0.3203125 0.2125 0.015625 0.028125
1 0.32265625 0.175 0.021875 0.021875
1 0.296875 0.22578125 0.0203125 0.0328125
1 0.28984375 0.2015625 0.0203125 0.0296875
1 0.275 0.315625 0.025 0.0375
1 0.20859375 0.0640625 0.0078125 0.021875
1 0.19921875 0.0234375 0.009375 0.0203125
1 0.23125 0.02734375 0.0109375 0.015625
1 0.24921875 0.05546875 0.0140625 0.021875
1 0.26953125 0.109375 0.015625 0.025
1 0.1953125 0.221875 0.021875 0.034375