1 0.559375 0.684375 0.07265625 0.0609375
1 0.38203125 0.7703125 0.0515625 0.0875
1 0.5984375 0.8828125 0.05234375 0.07890625
1 0.4546875 0.37109375 0.02890625 0.0390625
1 0.3640625 0.371875 0.0296875 0.04140625
1 0.6703125 0.62734375 0.0609375 0.040625
1 0.48359375 0.4328125 0.03125 0.04609375
1 0.3796875 0.9578125 0.03984375 0.08203125
1 0.3171875 0.165625 0.0203125 0.025
1 0.2953125 0.19921875 0.02109375 0.02890625
1 0.24375 0.60859375 0.03359375 0.06640625
1 0.5421875 0.903125 0.0484375 0.0890625
1 0.26328125 0.29609375 0.0265625 0.04140625
1 0.6375 0.71484375 0.05234375 0.07109375
1 0.52109375 0.58515625 0.065625 0.0515625
1 0.9796875 0.67421875 0.03203125 0.05703125
1 0.98984375 0.63671875 0.0203125 0.0515625
1 0.9640625 0.621875 0.0609375 0.04140625
1 0.803125 0.6546875 0.08046875 0.059375
1 0.778125 0.628125 0.06484375 0.0390625
1 0.73125 0.690625 0.06015625 0.059375
1 0.29921875 0.61015625 0.03125 0.059375
1 0.34375 0.5859375 0.02734375 0.053125
1 0.3265625 0.525 0.03125 0.046875
1 0.2984375 0.5609375 0.0359375 0.0609375
1 0.27734375 0.528125 0.0296875 0.04453125
1 0.2296875 0.14375 0.03359375 0.01796875
1 0.2078125 0.27109375 0.01796875 0.046875
1 0.22890625 0.103125 0.015625 0.03203125
1 0.24921875 0.0421875 0.0140625 0.0265625