0 0.559375 0.7265625 0.09140625 0.2
0 0.4796875 0.50703125 0.07421875 0.146875
0 0.22578125 0.40703125 0.0546875 0.15546875
1 0.653125 0.69609375 0.05546875 0.071875
0 0.43984375 0.403125 0.0546875 0.1109375
1 0.3734375 0.26328125 0.01640625 0.034375
1 0.384375 0.35703125 0.02421875 0.0390625
1 0.40078125 0.54921875 0.021875 0.040625
1 0.3578125 0.221875 0.0140625 0.04453125
1 0.33515625 0.184375 0.0171875 0.0265625
1 0.284375 0.184375 0.02265625 0.02890625
1 0.31015625 0.14765625 0.0171875 0.034375
1 0.2890625 0.11953125 0.01328125 0.021875
1 0.2796875 0.10078125 0.01328125 0.01796875
1 0.26875 0.084375 0.00859375 0.01796875
1 0.259375 0.0578125 0.01484375 0.0125