0 0.65703125 0.75703125 0.2640625 0.48125
1 0.215625 0.12421875 0.03515625 0.0734375
1 0.32578125 0.10078125 0.034375 0.05546875
1 0.3078125 0.22890625 0.03984375 0.06484375
1 0.1546875 0.03125 0.03046875 0.06171875
1 0.3984375 0.10859375 0.0328125 0.0546875
1 0.38203125 0.29140625 0.04609375 0.07890625
1 0.3359375 0.021875 0.0375 0.04375
1 0.26953125 0.0859375 0.0296875 0.0484375
1 0.6171875 0.578125 0.04921875 0.10546875
1 0.58046875 0.4765625 0.06328125 0.09765625
1 0.5078125 0.45078125 0.05703125 0.08828125
1 0.5390625 0.36875 0.04921875 0.07578125
1 0.434375 0.42890625 0.06171875 0.0953125
1 0.4703125 0.35234375 0.04765625 0.07265625
1 0.47421875 0.28203125 0.06328125 0.06875
1 0.48046875 0.22734375 0.0484375 0.06640625
1 0.296875 0.02734375 0.03828125 0.05390625