0 0.2609375 0.13515625 0.09609375 0.0765625
1 0.4953125 0.56796875 0.03515625 0.05546875
1 0.3375 0.56875 0.0359375 0.0625
1 0.46328125 0.384375 0.03125 0.040625
1 0.2390625 0.678125 0.03984375 0.0765625
1 0.43125 0.64375 0.0375 0.05703125
1 0.278125 0.4984375 0.0328125 0.0640625
1 0.3203125 0.72421875 0.04296875 0.07890625
1 0.95 0.675 0.09453125 0.06640625
1 0.375 0.28515625 0.01796875 0.034375
1 0.3359375 0.22734375 0.0171875 0.0234375
1 0.32265625 0.190625 0.015625 0.02109375
1 0.31171875 0.25234375 0.021875 0.034375
1 0.29921875 0.2140625 0.0234375 0.021875
1 0.2921875 0.1875 0.01796875 0.021875
1 0.24375 0.1765625 0.0421875 0.03359375
0 0.4 0.253125 0.0328125 0.08203125