0 0.35625 0.08828125 0.1125 0.096875
1 0.47890625 0.56484375 0.046875 0.0625
1 0.32578125 0.52734375 0.05 0.06875
1 0.4921875 0.37890625 0.040625 0.046875
1 0.20390625 0.609375 0.0578125 0.084375
1 0.3984375 0.62265625 0.05 0.0640625
1 0.28515625 0.44453125 0.046875 0.0703125
1 0.27109375 0.67421875 0.0609375 0.0875
1 0.89453125 0.77890625 0.1078125 0.0875
1 0.43046875 0.2609375 0.025 0.0375
1 0.40703125 0.19609375 0.021875 0.0265625
1 0.403125 0.15703125 0.0203125 0.025
1 0.37734375 0.2140625 0.0296875 0.0390625
1 0.37421875 0.17421875 0.028125 0.0265625
1 0.37421875 0.146875 0.0234375 0.025
1 0.3296875 0.12421875 0.0484375 0.0421875
0 0.4625 0.2359375 0.0515625 0.0875