1 0.290625 0.57734375 0.0375 0.06875
1 0.49375 0.52578125 0.0421875 0.05
1 0.31796875 0.19609375 0.021875 0.0296875
1 0.9734375 0.6515625 0.053125 0.05625
1 0.8921875 0.60703125 0.0828125 0.05
1 0.83671875 0.63046875 0.0859375 0.0578125
1 0.6453125 0.71015625 0.0515625 0.0703125
0 0.55859375 0.66484375 0.1234375 0.0953125
1 0.55546875 0.609375 0.0734375 0.0484375
1 0.28671875 0.92890625 0.0484375 0.1421875
1 0.3421875 0.56953125 0.0375 0.0875
1 0.2484375 0.67890625 0.0359375 0.059375
1 0.24609375 0.6234375 0.03125 0.0640625
1 0.2625 0.09453125 0.0140625 0.01875