1 0.3921875 0.4609375 0.0265625 0.0375
1 0.615625 0.95703125 0.0546875 0.0671875
1 0.559375 0.9859375 0.0390625 0.025
1 0.3265625 0.71328125 0.0359375 0.078125
1 0.275 0.73203125 0.040625 0.0640625
1 0.26328125 0.67578125 0.034375 0.065625
1 0.2546875 0.6265625 0.03125 0.0640625
1 0.28515625 0.309375 0.0171875 0.028125
1 0.2640625 0.3390625 0.0234375 0.025
1 0.26328125 0.2578125 0.015625 0.0296875
1 0.25625 0.31484375 0.0140625 0.0234375
1 0.20703125 0.30859375 0.021875 0.0296875
1 0.1671875 0.26484375 0.0171875 0.0328125
1 0.1859375 0.24140625 0.0234375 0.0296875
1 0.2171875 0.18515625 0.0171875 0.0203125
1 0.209375 0.1671875 0.009375 0.0234375
1 0.175 0.19453125 0.01875 0.0234375
1 0.15546875 0.23125 0.021875 0.025