0 0.44609375 0.071875 0.04453125 0.096875
1 0.3734375 0.38828125 0.03125 0.06171875
1 0.58984375 0.7765625 0.05390625 0.09453125
1 0.65078125 0.428125 0.04921875 0.05703125
1 0.4203125 0.171875 0.025 0.04453125
1 0.73046875 0.75703125 0.06015625 0.08671875
1 0.51015625 0.45234375 0.034375 0.05859375
1 0.45390625 0.84609375 0.053125 0.11796875
1 0.271875 0.334375 0.0265625 0.05703125
1 0.3359375 0.025 0.01328125 0.03671875
0 0.40859375 0.01640625 0.04375 0.0328125
1 0.321875 0.0109375 0.01875 0.02109375