2 0.6484375 0.89296875 0.0765625 0.18828125
0 0.68984375 0.12578125 0.06796875 0.13203125
1 0.58359375 0.5359375 0.04453125 0.090625
1 0.871875 0.98125 0.07421875 0.03515625
1 0.73359375 0.459375 0.04609375 0.0703125
1 0.65546875 0.60546875 0.05078125 0.096875
1 0.771875 0.56640625 0.04609375 0.075
1 0.60390625 0.34609375 0.04140625 0.0703125
1 0.834375 0.76171875 0.07109375 0.115625
1 0.72890625 0.271875 0.03515625 0.05390625
1 0.721875 0.23359375 0.03359375 0.04375
1 0.71015625 0.1984375 0.03203125 0.05
1 0.66875 0.234375 0.03671875 0.06640625
1 0.65234375 0.19140625 0.0375 0.04921875
1 0.64453125 0.1578125 0.0359375 0.040625
1 0.63984375 0.128125 0.0296875 0.04765625
1 0.6296875 0.1015625 0.03359375 0.04921875
1 0.56875 0.153125 0.02890625 0.0515625
1 0.51953125 0.140625 0.02578125 0.04921875
0 0.5 0.434375 0.06171875 0.2234375
0 0.4890625 0.2703125 0.0546875 0.1546875
0 0.49375 0.16875 0.0328125 0.0703125