1 0.353125 0.64765625 0.0328125 0.06796875
1 0.34765625 0.3671875 0.0265625 0.0375
1 0.2734375 0.728125 0.03828125 0.08046875
1 0.6171875 0.740625 0.0390625 0.07890625
1 0.47734375 0.41953125 0.0296875 0.04453125
1 0.7625 0.684375 0.06796875 0.053125
0 0.58828125 0.98125 0.0671875 0.0375
1 0.6328125 0.96640625 0.0453125 0.06640625
1 0.55 0.9734375 0.04609375 0.053125
1 0.5359375 0.878125 0.0484375 0.075
1 0.590625 0.8625 0.0390625 0.071875
1 0.665625 0.69609375 0.06015625 0.0609375
1 0.3 0.63046875 0.02890625 0.053125
1 0.24375 0.57265625 0.02421875 0.08203125
1 0.275 0.5296875 0.025 0.0484375
1 0.29609375 0.56328125 0.0390625 0.0734375
1 0.3375 0.54609375 0.028125 0.05
1 0.32578125 0.50078125 0.028125 0.04609375
1 0.45625 0.36796875 0.02265625 0.04453125
1 0.365625 0.33359375 0.0203125 0.03046875
1 0.3125 0.259375 0.02734375 0.03046875
1 0.33125 0.22421875 0.01796875 0.03203125
1 0.3234375 0.20703125 0.01484375 0.028125
1 0.2359375 0.24296875 0.01796875 0.025
1 0.3078125 0.2359375 0.01640625 0.028125
1 0.2984375 0.21484375 0.0140625 0.0234375
1 0.29609375 0.203125 0.0171875 0.03359375
1 0.30859375 0.11796875 0.0125 0.025
1 0.2765625 0.10390625 0.01796875 0.01953125
1 0.23125 0.0140625 0.009375 0.01953125