0 0.865625 0.8484375 0.1296875 0.190625
0 0.7046875 0.46171875 0.0734375 0.096875
1 0.71875 0.6265625 0.05 0.0703125
1 0.5234375 0.6453125 0.05 0.075
1 0.6328125 0.578125 0.040625 0.05625
1 0.784375 0.58203125 0.0375 0.05625
1 0.6171875 0.5328125 0.0359375 0.0375
1 0.52734375 0.5140625 0.040625 0.0671875
1 0.5078125 0.45859375 0.0375 0.053125
1 0.48046875 0.41171875 0.0265625 0.0421875
1 0.4671875 0.3640625 0.025 0.0390625
1 0.459375 0.340625 0.03125 0.04375
1 0.4359375 0.29453125 0.025 0.0359375
1 0.4265625 0.2546875 0.01875 0.025
1 0.41484375 0.23359375 0.0171875 0.01875
1 0.40234375 0.19140625 0.021875 0.03125
1 0.39375 0.1625 0.0140625 0.01875
1 0.3828125 0.12734375 0.0140625 0.01875
0 0.39765625 0.25390625 0.04375 0.1109375