1 0.35234375 0.69296875 0.0453125 0.08125
1 0.53828125 0.81796875 0.0484375 0.0828125
1 0.765625 0.6734375 0.0703125 0.0578125
1 0.62578125 0.74921875 0.0421875 0.06875
1 0.64921875 0.878125 0.0453125 0.08125
1 0.66875 0.69609375 0.0609375 0.06875
1 0.26328125 0.759375 0.0375 0.0765625
1 0.25234375 0.70234375 0.0390625 0.071875
1 0.3609375 0.43515625 0.025 0.0328125
1 0.4734375 0.4421875 0.0359375 0.0359375
1 0.41484375 0.4015625 0.034375 0.0484375
1 0.44609375 0.3640625 0.0265625 0.0328125
1 0.4015625 0.353125 0.0296875 0.0484375
1 0.36953125 0.2859375 0.0234375 0.0328125
1 0.34921875 0.24609375 0.0203125 0.0359375
1 0.359375 0.4171875 0.034375 0.028125
1 0.34375 0.390625 0.0296875 0.04375
1 0.28125 0.21328125 0.01875 0.021875
1 0.2828125 0.1515625 0.021875 0.03125
1 0.34765625 0.3046875 0.0234375 0.021875
1 0.334375 0.27109375 0.0125 0.025
1 0.32890625 0.24921875 0.0171875 0.01875
1 0.2890625 0.23671875 0.0265625 0.01875
1 0.29921875 0.26015625 0.025 0.0265625
1 0.2296875 0.05625 0.0109375 0.021875
1 0.21640625 0.0484375 0.0140625 0.0234375
1 0.209375 0.03359375 0.0140625 0.021875
0 0.24140625 0.609375 0.05 0.134375
0 0.2203125 0.43203125 0.053125 0.13125
0 0.2046875 0.32890625 0.053125 0.0921875
0 0.18359375 0.22421875 0.040625 0.0984375
0 0.38828125 0.246875 0.0390625 0.0875
0 0.32421875 0.3140625 0.0578125 0.1078125
0 0.3125 0.20625 0.046875 0.084375
0 0.33359375 0.16953125 0.04375 0.0765625
1 0.73984375 0.9640625 0.06875 0.0515625