1 0.2359375 0.58671875 0.0390625 0.0671875
1 0.553125 0.8046875 0.053125 0.0828125
1 0.30390625 0.421875 0.034375 0.0578125
1 0.29375 0.5484375 0.0375 0.065625
1 0.503125 0.47265625 0.0359375 0.0484375
1 0.43125 0.4015625 0.0296875 0.040625
1 0.95859375 0.6453125 0.053125 0.0421875
1 0.4921875 0.42890625 0.03125 0.0359375
1 0.4625 0.36875 0.0265625 0.0453125
1 0.41640625 0.3328125 0.021875 0.0484375
0 0.36171875 0.2703125 0.05625 0.13125
0 0.315625 0.19609375 0.0375 0.0859375
1 0.33046875 0.26640625 0.01875 0.0296875
1 0.353125 0.15 0.021875 0.04375
1 0.2546875 0.12109375 0.0140625 0.0265625
1 0.2671875 0.01484375 0.0125 0.0265625