1 0.28828125 0.296875 0.0375 0.0515625
1 0.3609375 0.7390625 0.078125 0.09375
1 0.39140625 0.49375 0.0453125 0.0578125
1 0.44609375 0.41484375 0.034375 0.0453125
1 0.2265625 0.54921875 0.0453125 0.0671875
1 0.5046875 0.578125 0.06875 0.0625
1 0.78828125 0.7359375 0.0734375 0.0671875
1 0.878125 0.7546875 0.084375 0.059375
1 0.9453125 0.75234375 0.0421875 0.0734375
1 0.6078125 0.69140625 0.071875 0.0578125
1 0.6390625 0.65 0.08125 0.065625
1 0.4203125 0.91484375 0.0578125 0.078125
1 0.47421875 0.93515625 0.053125 0.0890625
1 0.53046875 0.90078125 0.075 0.1015625
1 0.53828125 0.98984375 0.0390625 0.0203125
1 0.35859375 0.17734375 0.0203125 0.0296875
1 0.36875 0.13671875 0.0234375 0.034375
1 0.37578125 0.0625 0.0171875 0.0234375
1 0.34921875 0.028125 0.015625 0.015625
0 0.4046875 0.246875 0.034375 0.0640625
0 0.4875 0.9796875 0.071875 0.040625
1 0.42890625 0.48046875 0.0375 0.0546875
1 0.5 0.428125 0.0328125 0.046875
1 0.50703125 0.47109375 0.03125 0.0359375
1 0.4796875 0.3671875 0.0265625 0.03125