1 0.4171875 0.71328125 0.128125 0.1203125
1 0.05 0.42734375 0.0671875 0.084375
1 0.57890625 0.8609375 0.1203125 0.134375
1 0.20078125 0.50546875 0.0828125 0.096875
1 0.2890625 0.60546875 0.10625 0.1109375
1 0.19140625 0.68359375 0.13125 0.134375
1 0.071875 0.5890625 0.0875 0.103125
1 0.56953125 0.9703125 0.0921875 0.059375
1 0.0296875 0.2734375 0.059375 0.075
1 0.7078125 0.7515625 0.165625 0.13125
1 0.728125 0.634375 0.1359375 0.1203125
1 0.95625 0.53203125 0.0875 0.1171875
1 0.98828125 0.62421875 0.0234375 0.0859375