0 0.37890625 0.20234375 0.05625 0.1
0 0.2984375 0.74375 0.0859375 0.3
1 0.34609375 0.67421875 0.0390625 0.0765625
1 0.36484375 0.775 0.046875 0.090625
1 0.71953125 0.67578125 0.0734375 0.05625
1 0.23046875 0.7046875 0.0359375 0.0765625
1 0.39140625 0.978125 0.046875 0.0421875
1 0.3578125 0.40859375 0.040625 0.0546875
1 0.33515625 0.35546875 0.028125 0.05625
1 0.31640625 0.30234375 0.0171875 0.0328125
1 0.35546875 0.3140625 0.028125 0.040625
1 0.340625 0.27265625 0.01875 0.03125
1 0.3078125 0.275 0.0234375 0.034375
1 0.3671875 0.25234375 0.0203125 0.0390625
1 0.2921875 0.2265625 0.0234375 0.0296875
1 0.2390625 0.15234375 0.025 0.0265625
1 0.21953125 0.13046875 0.028125 0.0234375
1 0.26484375 0.09296875 0.0140625 0.0203125
1 0.2546875 0.06640625 0.0140625 0.01875
1 0.23046875 0.01875 0.015625 0.01875
1 0.27109375 0.17109375 0.0234375 0.028125
1 0.3 0.1734375 0.015625 0.0328125
0 0.32734375 0.209375 0.0421875 0.0890625
1 0.35390625 0.21796875 0.015625 0.028125