1 0.36484375 0.684375 0.1125 0.1015625
1 0.084375 0.31328125 0.0546875 0.0765625
1 0.03671875 0.95546875 0.0734375 0.0578125
1 0.48203125 0.86953125 0.1 0.11875
1 0.209375 0.428125 0.0671875 0.0875
1 0.26875 0.54765625 0.0921875 0.0953125
1 0.15390625 0.59765625 0.1125 0.1171875
1 0.06328125 0.475 0.071875 0.0921875
1 0.4453125 0.975 0.0859375 0.0484375
1 0.103125 0.16015625 0.05 0.06875
1 0.6359375 0.796875 0.15 0.10625
1 0.6859375 0.68828125 0.1203125 0.1015625
1 0.946875 0.653125 0.1 0.1015625
1 0.96328125 0.75390625 0.0578125 0.078125