1 0.425 0.765625 0.1 0.1625
1 0.296875 0.3234375 0.06875 0.0953125
1 0.1453125 0.37109375 0.0640625 0.103125
1 0.696875 0.828125 0.1265625 0.1859375
1 0.09921875 0.12578125 0.046875 0.0703125
1 0.26171875 0.45 0.0703125 0.1140625
1 0.8921875 0.86796875 0.11875 0.1234375
1 0.41875 0.240625 0.0640625 0.0828125
1 0.5734375 0.46328125 0.0875 0.1171875
1 0.51015625 0.36875 0.06875 0.0890625
1 0.4984375 0.4859375 0.084375 0.1125
1 0.6296875 0.56328125 0.084375 0.1234375
1 0.1859375 0.28203125 0.0625 0.1078125
1 0.190625 0.07421875 0.0375 0.0375