1 0.5703125 0.8 0.04140625 0.06953125
1 0.4734375 0.66484375 0.03203125 0.059375
1 0.61953125 0.771875 0.040625 0.071875
1 0.296875 0.2046875 0.02109375 0.03203125
1 0.475 0.51328125 0.03203125 0.0484375
1 0.55 0.925 0.04609375 0.078125
1 0.2671875 0.90078125 0.05234375 0.13203125
0 0.353125 0.65390625 0.08984375 0.24453125
1 0.7078125 0.684375 0.0640625 0.05703125
1 0.4296875 0.5 0.03359375 0.04453125
1 0.4921875 0.44765625 0.03203125 0.0515625
1 0.44296875 0.440625 0.028125 0.0390625
1 0.403125 0.43125 0.03046875 0.04296875
1 0.325 0.5125 0.028125 0.053125
1 0.3203125 0.471875 0.02578125 0.0375
1 0.309375 0.4296875 0.0265625 0.04609375
1 0.26875 0.49765625 0.028125 0.05390625
1 0.259375 0.4265625 0.02421875 0.05
1 0.28359375 0.3328125 0.025 0.0515625
1 0.246875 0.33671875 0.02265625 0.0484375
1 0.2609375 0.28515625 0.02734375 0.034375
1 0.25 0.20546875 0.01796875 0.0390625
1 0.2390625 0.1359375 0.02109375 0.0390625
1 0.278125 0.0953125 0.02109375 0.03203125
1 0.22734375 0.09921875 0.01875 0.0234375
1 0.2203125 0.06171875 0.0171875 0.0265625
1 0.2125 0.0375 0.01484375 0.028125