1 0.61171875 0.928125 0.05 0.0640625
1 0.3703125 0.8796875 0.0390625 0.0625
1 0.2625 0.74609375 0.0296875 0.0375
1 0.328125 0.71953125 0.0296875 0.034375
1 0.25390625 0.653125 0.025 0.03125
1 0.27578125 0.60625 0.0234375 0.028125
1 0.2421875 0.6265625 0.0234375 0.0296875
1 0.23046875 0.60234375 0.0234375 0.0359375
1 0.2265625 0.56015625 0.025 0.034375
1 0.21328125 0.5671875 0.01875 0.0234375
0 0.35078125 0.69765625 0.06875 0.0921875
0 0.38203125 0.68125 0.0703125 0.09375
0 0.31875 0.93125 0.0875 0.1375