0 0.071875 0.09609375 0.0421875 0.084375
1 0.4375 0.95078125 0.1046875 0.096875
1 0.0140625 0.38828125 0.0265625 0.065625
1 0.22734375 0.31875 0.040625 0.0453125
1 0.06484375 0.5359375 0.0390625 0.0765625
1 0.1296875 0.2703125 0.03125 0.0421875
1 0.04609375 0.4515625 0.0359375 0.0703125
1 0.1125 0.31640625 0.0328125 0.046875
1 0.10546875 0.21796875 0.028125 0.0390625
1 0.3109375 0.28046875 0.0484375 0.03125
1 0.0125 0.14765625 0.0125 0.040625
1 0.0234375 0.05625 0.0125 0.021875
1 0.03828125 0.13046875 0.021875 0.03125