1 0.48984375 0.5421875 0.040625 0.0515625
1 0.3640625 0.415625 0.02890625 0.04296875
1 0.5421875 0.9109375 0.05234375 0.0890625
1 0.453125 0.46015625 0.02890625 0.04296875
1 0.396875 0.35859375 0.02734375 0.0390625
1 0.5671875 0.609375 0.0765625 0.05390625
1 0.440625 0.3390625 0.02578125 0.0390625
1 0.62890625 0.78671875 0.0515625 0.0734375
1 0.68125 0.91640625 0.04765625 0.078125
1 0.26953125 0.078125 0.015625 0.025
1 0.625 0.96015625 0.05859375 0.0765625
1 0.6109375 0.87421875 0.05078125 0.090625
1 0.815625 0.646875 0.07890625 0.04296875
1 0.53125 0.69375 0.07265625 0.04609375
1 0.41484375 0.55859375 0.0484375 0.053125
1 0.334375 0.590625 0.0375 0.0609375
1 0.33828125 0.5421875 0.0421875 0.059375
1 0.3234375 0.503125 0.03671875 0.04453125
1 0.315625 0.46640625 0.03046875 0.05546875
1 0.29375 0.3765625 0.025 0.053125
1 0.3296875 0.3234375 0.0171875 0.03359375
1 0.2875 0.596875 0.03359375 0.05546875
1 0.28671875 0.54375 0.025 0.0515625
1 0.278125 0.5015625 0.02734375 0.046875
1 0.26640625 0.45390625 0.021875 0.05
1 0.234375 0.5453125 0.02890625 0.0515625
1 0.31171875 0.25234375 0.0171875 0.040625
1 0.29375 0.20078125 0.01171875 0.0265625
1 0.3484375 0.26640625 0.02265625 0.04453125
1 0.34140625 0.24296875 0.021875 0.028125
1 0.3296875 0.21875 0.021875 0.0265625
1 0.321875 0.20625 0.01953125 0.0234375