0 0.4140625 0.73046875 0.0625 0.0984375
1 0.4796875 0.96484375 0.0453125 0.05625
1 0.29765625 0.8875 0.0359375 0.05625
1 0.43046875 0.9375 0.040625 0.0546875
1 0.33828125 0.9359375 0.04375 0.065625
1 0.43046875 0.8484375 0.0453125 0.0609375
1 0.45078125 0.7796875 0.0296875 0.0421875
1 0.33671875 0.80625 0.0328125 0.05
1 0.3015625 0.75703125 0.0296875 0.05
1 0.30546875 0.72734375 0.0296875 0.0421875
1 0.334375 0.74453125 0.028125 0.0453125
1 0.33359375 0.70234375 0.025 0.0390625
1 0.44140625 0.721875 0.0265625 0.0328125
1 0.37890625 0.7234375 0.0296875 0.040625
1 0.42265625 0.6375 0.025 0.0359375
1 0.37265625 0.64609375 0.0234375 0.034375
1 0.334375 0.64140625 0.0234375 0.0328125
1 0.30625 0.6125 0.025 0.0359375
1 0.33125 0.49453125 0.015625 0.0265625
1 0.3328125 0.4546875 0.0140625 0.0203125
1 0.31015625 0.57421875 0.0203125 0.0328125
1 0.334375 0.57265625 0.0203125 0.028125
1 0.33125 0.54140625 0.0203125 0.0265625
1 0.33203125 0.60703125 0.0203125 0.0296875
1 0.4109375 0.58359375 0.0203125 0.0296875
1 0.39921875 0.63046875 0.01875 0.0234375
1 0.39375 0.60625 0.021875 0.03125
1 0.3703125 0.6203125 0.0234375 0.0265625
1 0.36875 0.60234375 0.0203125 0.0296875
1 0.3546875 0.44609375 0.0171875 0.025