1 0.49609375 0.67421875 0.05625 0.059375
1 0.32421875 0.72109375 0.0421875 0.0734375
1 0.42109375 0.8953125 0.0828125 0.1
1 0.58046875 0.753125 0.078125 0.0640625
1 0.2671875 0.7 0.0375 0.071875
1 0.390625 0.65234375 0.046875 0.0625
1 0.40703125 0.59453125 0.040625 0.05625
1 0.73046875 0.7109375 0.078125 0.059375
1 0.85390625 0.69921875 0.06875 0.05
1 0.9359375 0.70078125 0.0671875 0.0578125
1 0.9828125 0.71328125 0.034375 0.0765625
1 0.9296875 0.73671875 0.0828125 0.059375
1 0.290625 0.3265625 0.0265625 0.0375
1 0.25390625 0.32109375 0.0265625 0.0375
1 0.2046875 0.27421875 0.0296875 0.03125
1 0.225 0.209375 0.0171875 0.025
1 0.18203125 0.146875 0.0171875 0.025
1 0.16484375 0.11953125 0.0171875 0.0203125
0 0.1765625 0.09921875 0.0234375 0.046875
1 0.15546875 0.09921875 0.009375 0.015625