0 0.34921875 0.64765625 0.09375 0.1859375
1 0.54453125 0.59765625 0.0765625 0.059375
1 0.43203125 0.42578125 0.034375 0.0453125
1 0.27421875 0.771875 0.0453125 0.0828125
1 0.26328125 0.70546875 0.040625 0.075
0 0.2515625 0.61875 0.053125 0.1359375
0 0.29296875 0.4875 0.128125 0.178125
0 0.2390625 0.371875 0.05 0.08125
0 0.20078125 0.32734375 0.0421875 0.1265625
0 0.17734375 0.246875 0.0328125 0.0875
0 0.534375 0.91484375 0.109375 0.1703125
1 0.290625 0.41484375 0.0328125 0.0484375
1 0.28046875 0.37890625 0.03125 0.0421875
1 0.2703125 0.35078125 0.0234375 0.034375
1 0.26171875 0.325 0.021875 0.0390625
1 0.24765625 0.29765625 0.0265625 0.046875
1 0.34296875 0.38828125 0.0203125 0.0375
1 0.28359375 0.2453125 0.028125 0.034375
1 0.2703125 0.221875 0.0265625 0.025
1 0.75546875 0.95546875 0.0640625 0.053125
1 0.7671875 0.65 0.0796875 0.071875
1 0.8953125 0.64609375 0.0828125 0.0640625
1 0.65390625 0.70078125 0.065625 0.0625
1 0.6453125 0.76015625 0.0546875 0.0609375
1 0.671875 0.81171875 0.0484375 0.0609375
1 0.61640625 0.8625 0.04375 0.0859375
1 0.56640625 0.86875 0.0453125 0.0828125
1 0.6109375 0.9609375 0.040625 0.065625
1 0.6671875 0.95703125 0.05625 0.065625
1 0.6859375 0.88828125 0.0421875 0.0796875
1 0.42421875 0.3328125 0.0359375 0.046875
1 0.259375 0.1 0.01875 0.0375
1 0.2234375 0.059375 0.0140625 0.025
1 0.21484375 0.04375 0.015625 0.01875
1 0.19375 0.0390625 0.01875 0.0203125
1 0.1796875 0.06953125 0.015625 0.0296875