0 0.83359375 0.87890625 0.115625 0.184375
0 0.7078125 0.4796875 0.065625 0.09375
1 0.70703125 0.64453125 0.0453125 0.0671875
1 0.5109375 0.646875 0.04375 0.0734375
1 0.62578125 0.58984375 0.0359375 0.0546875
1 0.77578125 0.60625 0.034375 0.0546875
1 0.6140625 0.54296875 0.0328125 0.0359375
1 0.52578125 0.51640625 0.0359375 0.065625
1 0.51171875 0.459375 0.0328125 0.0515625
1 0.48828125 0.41015625 0.0234375 0.040625
1 0.47890625 0.36171875 0.021875 0.0390625
1 0.4734375 0.3375 0.028125 0.0421875
1 0.4546875 0.28984375 0.0234375 0.034375
1 0.4484375 0.24921875 0.0171875 0.0234375
1 0.43828125 0.2265625 0.015625 0.0171875
1 0.4296875 0.18359375 0.01875 0.0296875
1 0.4234375 0.1546875 0.0125 0.01875
1 0.415625 0.11875 0.0140625 0.01875
0 0.41875 0.24609375 0.0359375 0.1109375