1 0.30703125 0.8359375 0.0328125 0.040625
1 0.40546875 0.93046875 0.0453125 0.0671875
1 0.21796875 0.9328125 0.0328125 0.040625
1 0.2140625 0.81640625 0.03125 0.0484375
1 0.3265625 0.73984375 0.0265625 0.0390625
1 0.29140625 0.71796875 0.0296875 0.0375
1 0.26640625 0.73203125 0.0328125 0.0421875
1 0.2625 0.70390625 0.028125 0.0359375
1 0.24921875 0.6203125 0.025 0.0359375
1 0.2703125 0.57265625 0.021875 0.03125
1 0.1796875 0.77265625 0.0578125 0.08125
0 0.1421875 0.821875 0.0890625 0.184375
1 0.21796875 0.76328125 0.0296875 0.05
1 0.2140625 0.69921875 0.03125 0.0546875
1 0.18515625 0.725 0.0234375 0.0265625
1 0.20859375 0.6546875 0.021875 0.034375
1 0.25859375 0.6765625 0.01875 0.0296875
0 0.290625 0.65625 0.05625 0.096875
0 0.35078125 0.67578125 0.0671875 0.1015625
1 0.31640625 0.65703125 0.028125 0.04375
1 0.325 0.61015625 0.021875 0.0296875