0 0.521875 0.61171875 0.0796875 0.17109375
1 0.74921875 0.68515625 0.0546875 0.0484375
1 0.46171875 0.62578125 0.0421875 0.059375
1 0.5921875 0.865625 0.05 0.08203125
1 0.6546875 0.7109375 0.0609375 0.0609375
1 0.5140625 0.76875 0.04296875 0.0765625
1 0.25625 0.02734375 0.01484375 0.02109375
1 0.4359375 0.503125 0.03671875 0.059375
1 0.50625 0.4875 0.02890625 0.046875
1 0.4421875 0.44609375 0.0265625 0.04140625
1 0.41953125 0.3765625 0.0203125 0.03359375
1 0.43515625 0.31953125 0.021875 0.0359375
1 0.390625 0.26875 0.01484375 0.040625
1 0.3421875 0.20859375 0.02421875 0.03359375
1 0.30625 0.225 0.01796875 0.021875
1 0.3296875 0.153125 0.01796875 0.02109375
1 0.3265625 0.18203125 0.01484375 0.01953125
1 0.27265625 0.171875 0.01875 0.02890625
1 0.3 0.140625 0.01796875 0.028125