1 0.4125 0.4640625 0.03203125 0.046875
1 0.48515625 0.9046875 0.0484375 0.0875
1 0.61015625 0.875 0.0578125 0.078125
1 0.46875 0.4109375 0.02890625 0.04140625
1 0.653125 0.69765625 0.05703125 0.0625
1 0.2703125 0.9625 0.05078125 0.071875
0 0.578125 0.95859375 0.08125 0.0828125
0 0.31953125 0.475 0.0625 0.178125
0 0.2515625 0.5125 0.08203125 0.14140625
0 0.2453125 0.40078125 0.05 0.07890625
1 0.63046875 0.9578125 0.0484375 0.084375
1 0.3359375 0.60625 0.03203125 0.0734375
1 0.29296875 0.60078125 0.0265625 0.06796875