0 0.51875 0.575 0.06328125 0.15859375
0 0.43046875 0.6171875 0.071875 0.1765625
0 0.4109375 0.434375 0.0578125 0.12890625
0 0.53125 0.83046875 0.07265625 0.18359375
0 0.21875 0.3734375 0.03984375 0.11640625
1 0.3171875 0.49453125 0.0296875 0.053125
1 0.63125 0.8125 0.0453125 0.06640625
1 0.48359375 0.92890625 0.046875 0.08359375
1 0.6078125 0.90390625 0.0515625 0.08046875
1 0.6296875 0.72734375 0.03203125 0.07890625
1 0.7453125 0.65859375 0.08984375 0.0859375
1 0.2453125 0.7421875 0.04765625 0.0875
1 0.2421875 0.6703125 0.03515625 0.05703125
1 0.23828125 0.61953125 0.0265625 0.04140625
1 0.22578125 0.5578125 0.021875 0.059375
1 0.29609375 0.39921875 0.0171875 0.04609375
1 0.36875 0.34296875 0.021875 0.0390625
1 0.39375 0.30859375 0.01796875 0.03359375
1 0.34765625 0.28671875 0.0296875 0.0265625
1 0.36015625 0.2203125 0.01875 0.02890625
1 0.315625 0.2390625 0.02578125 0.03046875
1 0.328125 0.22109375 0.01484375 0.025
1 0.328125 0.18125 0.01796875 0.02109375
1 0.321875 0.20390625 0.0125 0.028125
1 0.2984375 0.2171875 0.021875 0.01796875
1 0.296875 0.19765625 0.01171875 0.02109375
1 0.240625 0.178125 0.01640625 0.028125
1 0.2328125 0.12578125 0.01484375 0.02109375
1 0.221875 0.08203125 0.01953125 0.028125
1 0.2234375 0.0453125 0.01953125 0.034375
0 0.2140625 0.253125 0.04296875 0.12109375