0 0.47265625 0.7640625 0.04765625 0.09609375
1 0.50625 0.85234375 0.02734375 0.04140625
1 0.55625 0.8453125 0.03125 0.053125
1 0.5109375 0.75625 0.0265625 0.06640625
1 0.44609375 0.7046875 0.0234375 0.034375
1 0.46953125 0.69609375 0.01796875 0.0265625
1 0.415625 0.70234375 0.01484375 0.03203125
1 0.40390625 0.67421875 0.01953125 0.025
1 0.3875 0.56328125 0.01171875 0.0265625
1 0.36328125 0.50859375 0.015625 0.02265625
1 0.353125 0.48671875 0.01328125 0.0234375
1 0.4078125 0.590625 0.0171875 0.01953125
1 0.44921875 0.6359375 0.015625 0.0328125
1 0.43515625 0.61484375 0.0140625 0.02109375
1 0.39765625 0.64453125 0.01796875 0.025
1 0.39140625 0.6265625 0.015625 0.028125
1 0.4140625 0.6234375 0.015625 0.025
0 0.43203125 0.65546875 0.04296875 0.078125