1 0.75 0.68671875 0.05546875 0.04609375
1 0.31875 0.775 0.03984375 0.09140625
1 0.6203125 0.740625 0.0375 0.0640625
1 0.38125 0.6640625 0.0640625 0.06953125
1 0.49296875 0.55546875 0.0328125 0.05
1 0.253125 0.6796875 0.04140625 0.0765625
1 0.51640625 0.825 0.046875 0.075
1 0.31015625 0.51328125 0.0296875 0.05703125
1 0.6484375 0.9125 0.0515625 0.0859375
1 0.4359375 0.5421875 0.034375 0.0515625
1 0.96875 0.646875 0.059375 0.053125
1 0.95703125 0.6234375 0.0859375 0.05
1 0.896875 0.6703125 0.08359375 0.0484375
1 0.53125 0.665625 0.03828125 0.05
1 0.5015625 0.70625 0.03828125 0.07109375
1 0.4453125 0.44765625 0.02890625 0.04609375
1 0.46171875 0.3765625 0.0296875 0.04453125
1 0.4078125 0.378125 0.021875 0.034375
1 0.3984375 0.31875 0.02421875 0.0375
1 0.35625 0.39140625 0.02265625 0.0390625
1 0.3296875 0.3015625 0.028125 0.053125
1 0.3640625 0.2375 0.025 0.028125
1 0.36875 0.18671875 0.02109375 0.034375
1 0.3265625 0.21953125 0.025 0.03359375
0 0.2515625 0.32890625 0.03125 0.08046875
1 0.21328125 0.1828125 0.0203125 0.02890625
1 0.3 0.21484375 0.01796875 0.0375
1 0.24140625 0.146875 0.015625 0.03046875
1 0.278125 0.0953125 0.01796875 0.0234375
1 0.2078125 0.09921875 0.01640625 0.0375
1 0.2171875 0.05703125 0.01875 0.028125
1 0.21171875 0.025 0.0140625 0.028125
1 0.26875 0.03828125 0.0171875 0.02890625