0 0.3828125 0.2359375 0.0953125 0.1546875
1 0.3140625 0.46953125 0.0390625 0.0609375
1 0.3984375 0.5875 0.046875 0.0625
1 0.4234375 0.78984375 0.0546875 0.0765625
1 0.29921875 0.746875 0.0671875 0.115625
1 0.32109375 0.89453125 0.0625 0.1015625
1 0.265625 0.65703125 0.05 0.0796875
0 0.2359375 0.35546875 0.0609375 0.13125
1 0.2625 0.25 0.028125 0.0390625
1 0.2140625 0.47734375 0.053125 0.0890625
1 0.1890625 0.90546875 0.053125 0.0859375
1 0.35 0.24765625 0.021875 0.0328125
1 0.34765625 0.2203125 0.025 0.0359375
1 0.33984375 0.1890625 0.025 0.03125
1 0.3421875 0.1640625 0.0203125 0.028125
1 0.34140625 0.06875 0.0203125 0.0265625