1 0.5515625 0.98125 0.0390625 0.03515625
1 0.49921875 0.98828125 0.03203125 0.021875
0 0.52265625 0.80625 0.04765625 0.11015625
0 0.484375 0.73671875 0.05546875 0.103125
1 0.4578125 0.87109375 0.02578125 0.03046875
1 0.42265625 0.85625 0.0296875 0.0359375
1 0.44453125 0.8296875 0.0234375 0.03671875
0 0.43828125 0.78046875 0.03203125 0.05859375
1 0.4203125 0.76484375 0.01171875 0.03203125
1 0.41484375 0.7453125 0.01953125 0.028125
1 0.41015625 0.8203125 0.02109375 0.03671875
1 0.3984375 0.803125 0.01640625 0.03984375
1 0.38671875 0.7640625 0.02734375 0.03828125
1 0.38046875 0.7375 0.021875 0.025
1 0.3203125 0.54375 0.0171875 0.02109375
1 0.315625 0.46953125 0.009375 0.015625