1 0.403125 0.46640625 0.0421875 0.0578125
1 0.39375 0.56328125 0.05 0.0609375
1 0.4953125 0.98671875 0.053125 0.0265625
1 0.43515625 0.71015625 0.0890625 0.0796875
1 0.38046875 0.32421875 0.03125 0.040625
1 0.53828125 0.72578125 0.0921875 0.08125
1 0.678125 0.9375 0.1234375 0.1203125
1 0.3203125 0.34375 0.03125 0.04375
0 0.4328125 0.94375 0.10625 0.1125
1 0.84140625 0.77734375 0.1359375 0.1109375
1 0.26328125 0.640625 0.053125 0.075
1 0.21015625 0.59296875 0.053125 0.0921875
1 0.2671875 0.58125 0.046875 0.0734375
1 0.315625 0.26328125 0.03125 0.040625
1 0.321875 0.22265625 0.028125 0.0328125