1 0.53515625 0.878125 0.059375 0.08125
1 0.41640625 0.26328125 0.025 0.0359375
1 0.51328125 0.528125 0.0421875 0.053125
1 0.38515625 0.4078125 0.0359375 0.0453125
1 0.559375 0.96875 0.06875 0.0625
1 0.47578125 0.8796875 0.05625 0.08125
1 0.48125 0.95703125 0.0625 0.0859375
0 0.25 0.47109375 0.0984375 0.1625
1 0.2765625 0.56640625 0.0359375 0.065625
1 0.328125 0.5609375 0.0390625 0.06875
1 0.325 0.5078125 0.0375 0.05
1 0.32734375 0.4609375 0.0453125 0.053125
1 0.31875 0.3984375 0.040625 0.046875
1 0.28125 0.3390625 0.03125 0.0421875
1 0.23828125 0.384375 0.034375 0.04375
1 0.31015625 0.309375 0.0296875 0.0453125
1 0.4375 0.3453125 0.0296875 0.05
1 0.47109375 0.3421875 0.0296875 0.0421875
1 0.52890625 0.6 0.0671875 0.0625
1 0.278125 0.21484375 0.025 0.0390625
1 0.29921875 0.17890625 0.025 0.0421875
1 0.35234375 0.19609375 0.0265625 0.0375
1 0.34296875 0.17421875 0.028125 0.03125
1 0.37578125 0.109375 0.0171875 0.0234375
1 0.36953125 0.18125 0.015625 0.0234375
1 0.40078125 0.20078125 0.025 0.0296875
1 0.384375 0.15078125 0.028125 0.025
1 0.34765625 0.08671875 0.01875 0.03125
1 0.346875 0.025 0.0203125 0.0234375