1 0.22890625 0.3609375 0.0328125 0.05
1 0.4515625 0.51171875 0.05 0.05625
1 0.27578125 0.75625 0.053125 0.084375
1 0.48203125 0.46484375 0.0421875 0.05
1 0.38203125 0.39140625 0.0359375 0.0453125
1 0.3296875 0.2984375 0.0296875 0.0375
1 0.34453125 0.4546875 0.0375 0.053125
1 0.22734375 0.2078125 0.0328125 0.0375
1 0.35546875 0.6375 0.046875 0.0796875
1 0.29765625 0.6265625 0.0375 0.0625
1 0.3125 0.53515625 0.0625 0.125
1 0.57109375 0.61640625 0.078125 0.0578125
1 0.55703125 0.57265625 0.0625 0.053125
1 0.68125 0.675 0.059375 0.0734375
1 0.67734375 0.76328125 0.0609375 0.078125
1 0.734375 0.85625 0.0609375 0.078125
1 0.684375 0.88046875 0.0640625 0.09375
0 0.6578125 0.928125 0.10625 0.115625
1 0.728125 0.95234375 0.0515625 0.0375
1 0.75234375 0.62734375 0.0890625 0.06875
1 0.75 0.57421875 0.0921875 0.0671875
1 0.953125 0.559375 0.09375 0.078125
1 0.25859375 0.296875 0.028125 0.0296875
1 0.284375 0.24296875 0.028125 0.034375
1 0.39609375 0.3328125 0.0328125 0.040625
2 0.296875 0.21015625 0.03125 0.0484375
1 0.14765625 0.1578125 0.0203125 0.021875
1 0.12265625 0.1578125 0.0140625 0.0203125
1 0.1375 0.06796875 0.0109375 0.0171875
1 0.1140625 0.08359375 0.0171875 0.0234375
0 0.1859375 0.428125 0.0625 0.1203125
1 0.18359375 0.3609375 0.0171875 0.021875