0 0.5203125 0.76953125 0.10234375 0.2859375
0 0.3765625 0.81015625 0.07578125 0.25703125
1 0.5859375 0.8 0.046875 0.071875
1 0.43359375 0.6828125 0.0375 0.059375
1 0.46484375 0.59609375 0.0359375 0.0609375
1 0.3734375 0.453125 0.03203125 0.053125
1 0.278125 0.328125 0.0203125 0.0375
1 0.4734375 0.51640625 0.0296875 0.04453125
1 0.52734375 0.6421875 0.040625 0.07109375
1 0.7671875 0.68671875 0.07578125 0.05390625
1 0.959375 0.61796875 0.0796875 0.0609375
1 0.428125 0.49375 0.03515625 0.04609375
1 0.43125 0.42265625 0.0265625 0.04296875
1 0.4546875 0.3734375 0.02578125 0.0390625
1 0.4125 0.36796875 0.02890625 0.03359375
1 0.38515625 0.328125 0.0234375 0.04140625
1 0.3859375 0.2875 0.01953125 0.0359375
1 0.34296875 0.359375 0.021875 0.0390625
1 0.31875 0.28125 0.01953125 0.02890625
1 0.3296875 0.21484375 0.01796875 0.0265625
1 0.38125 0.2046875 0.01796875 0.03203125
1 0.309375 0.23828125 0.02421875 0.03203125
1 0.3015625 0.21484375 0.01953125 0.02109375
1 0.321875 0.196875 0.01796875 0.021875
1 0.296875 0.203125 0.01796875 0.01953125
1 0.2953125 0.12890625 0.02109375 0.0359375
1 0.23828125 0.16953125 0.015625 0.03046875
0 0.203125 0.0984375 0.02578125 0.05859375
0 0.1953125 0.028125 0.02265625 0.05546875