1 0.528125 0.80703125 0.05 0.075
1 0.45078125 0.659375 0.040625 0.0625
1 0.58046875 0.7859375 0.05 0.0765625
1 0.33984375 0.17890625 0.025 0.034375
1 0.4734375 0.509375 0.0390625 0.053125
1 0.490625 0.928125 0.05625 0.084375
1 0.2140625 0.86484375 0.0703125 0.1375
0 0.3328125 0.63203125 0.1234375 0.2546875
1 0.68046875 0.71171875 0.071875 0.065625
1 0.43046875 0.48984375 0.0390625 0.0484375
1 0.49921875 0.446875 0.0390625 0.05625
1 0.4515625 0.43359375 0.0328125 0.0421875
1 0.41328125 0.41875 0.0359375 0.046875
1 0.325 0.48828125 0.0359375 0.05625
1 0.32578125 0.446875 0.03125 0.040625
1 0.32109375 0.40390625 0.0328125 0.05
1 0.27109375 0.465625 0.0359375 0.0578125
1 0.271875 0.39375 0.03125 0.053125
1 0.30859375 0.3046875 0.03125 0.0546875
1 0.271875 0.303125 0.0296875 0.0515625
1 0.29296875 0.25390625 0.03125 0.0375
1 0.29375 0.1734375 0.0234375 0.040625
1 0.2921875 0.103125 0.0265625 0.0421875
1 0.33671875 0.06875 0.025 0.034375
1 0.2859375 0.06484375 0.021875 0.0265625
1 0.284375 0.02734375 0.0203125 0.028125
1 0.2796875 0.00859375 0.01875 0.0171875