0 0.50234375 0.8828125 0.1421875 0.234375
1 0.403125 0.3609375 0.0359375 0.04375
1 0.53359375 0.68671875 0.0828125 0.0765625
1 0.42109375 0.5421875 0.053125 0.0578125
1 0.22578125 0.825 0.0609375 0.10625
1 0.50625 0.55234375 0.0546875 0.05625
0 0.2484375 0.53359375 0.140625 0.23125
0 0.25859375 0.0375 0.0390625 0.075
1 0.271875 0.4484375 0.0328125 0.059375
1 0.32109375 0.5390625 0.0453125 0.0921875
1 0.321875 0.48359375 0.03125 0.04375
1 0.31953125 0.4609375 0.0390625 0.0609375
1 0.4390625 0.23984375 0.0328125 0.0484375
1 0.503125 0.4359375 0.0375 0.05625
1 0.94296875 0.7203125 0.0640625 0.0640625
1 0.83828125 0.6828125 0.0828125 0.0609375
1 0.8234375 0.6609375 0.090625 0.065625
1 0.3765625 0.23984375 0.0296875 0.0421875
1 0.4015625 0.2171875 0.0234375 0.0390625
1 0.39921875 0.14140625 0.0234375 0.0296875
1 0.35859375 0.15703125 0.025 0.0265625
1 0.28671875 0.06796875 0.021875 0.040625
1 0.28984375 0.04140625 0.0203125 0.0171875
1 0.28671875 0.01953125 0.01875 0.03125
1 0.5703125 0.95625 0.071875 0.0875
1 0.55390625 0.8796875 0.065625 0.084375