0 0.428125 0.2703125 0.04375 0.1109375
1 0.41484375 0.49453125 0.040625 0.0546875
1 0.43203125 0.3578125 0.034375 0.0421875
1 0.49609375 0.4453125 0.0375 0.0484375
1 0.284375 0.5671875 0.04375 0.0734375
1 0.3296875 0.55 0.0421875 0.06875
1 0.95 0.66640625 0.075 0.05625
1 0.8703125 0.6828125 0.0859375 0.0546875
2 0.8421875 0.70859375 0.0796875 0.059375
1 0.38515625 0.3109375 0.021875 0.0390625
1 0.3625 0.1984375 0.0203125 0.0296875
0 0.23515625 0.38671875 0.06875 0.1609375
1 0.2234375 0.8765625 0.0671875 0.1421875