0 0.54765625 0.7296875 0.1015625 0.2046875
0 0.4796875 0.50625 0.08125 0.15
0 0.23125 0.39296875 0.0625 0.1578125
1 0.64296875 0.70390625 0.059375 0.075
0 0.4453125 0.4 0.0609375 0.1140625
1 0.3859375 0.25703125 0.01875 0.0359375
1 0.3921875 0.3515625 0.0265625 0.040625
1 0.3984375 0.54375 0.0234375 0.0421875
1 0.37265625 0.21484375 0.015625 0.0453125
1 0.3515625 0.1765625 0.01875 0.028125
1 0.3015625 0.1734375 0.0234375 0.0296875
1 0.32890625 0.13828125 0.01875 0.0359375
1 0.309375 0.109375 0.0140625 0.021875
1 0.30078125 0.08984375 0.0140625 0.01875
1 0.290625 0.07265625 0.009375 0.01875
1 0.2828125 0.04609375 0.015625 0.0125