1 0.2484375 0.73515625 0.0375 0.090625
1 0.45859375 0.390625 0.028125 0.04296875
1 0.4796875 0.903125 0.04765625 0.078125
1 0.634375 0.96796875 0.0546875 0.0609375
1 0.609375 0.89609375 0.05078125 0.078125
1 0.259375 0.453125 0.0296875 0.05859375
1 0.290625 0.5953125 0.03359375 0.0625
1 0.3046875 0.18125 0.02109375 0.02890625
0 0.5453125 0.8953125 0.06953125 0.1625
1 0.96328125 0.671875 0.0734375 0.065625
1 0.503125 0.97890625 0.05390625 0.04140625
1 0.33984375 0.59296875 0.034375 0.053125
1 0.33125 0.53828125 0.03203125 0.04609375
1 0.321875 0.4953125 0.034375 0.05390625