0 0.275 0.546875 0.06875 0.171875
1 0.48359375 0.53359375 0.034375 0.05
1 0.3015625 0.68984375 0.0328125 0.0765625
1 0.5328125 0.84453125 0.04375 0.075
1 0.36328125 0.7625 0.04375 0.0859375
1 0.53203125 0.66953125 0.0390625 0.0609375
1 0.4625 0.37578125 0.03046875 0.040625
1 0.2859375 0.36328125 0.02265625 0.04296875
1 0.3421875 0.5890625 0.03671875 0.071875
1 0.3828125 0.28515625 0.02578125 0.034375
1 0.4953125 0.7203125 0.03984375 0.0625
1 0.4859375 0.91953125 0.04453125 0.08046875
1 0.421875 0.6203125 0.04140625 0.07890625
1 0.6203125 0.771875 0.0375 0.075
1 0.6328125 0.71640625 0.04609375 0.053125
1 0.7 0.68203125 0.06953125 0.046875
1 0.97109375 0.646875 0.0578125 0.053125
1 0.9578125 0.6234375 0.07578125 0.04453125
1 0.31953125 0.2609375 0.021875 0.0390625
1 0.334375 0.234375 0.02265625 0.028125
1 0.3234375 0.20625 0.02734375 0.02890625
1 0.29609375 0.20390625 0.01875 0.03046875
1 0.32734375 0.14296875 0.0171875 0.025
1 0.24765625 0.19296875 0.025 0.03359375
1 0.2109375 0.1234375 0.0203125 0.05546875
1 0.2046875 0.075 0.0203125 0.01640625
1 0.27265625 0.08203125 0.0109375 0.028125
1 0.215625 0.028125 0.0125 0.01640625
1 0.25859375 0.02734375 0.0125 0.01796875
1 0.2265625 0.43828125 0.02890625 0.0515625
1 0.559375 0.98125 0.03984375 0.0375