0 0.3109375 0.52109375 0.09296875 0.15859375
0 0.54296875 0.65703125 0.0796875 0.178125
1 0.4859375 0.70546875 0.03828125 0.0609375
1 0.5296875 0.84140625 0.0453125 0.075
1 0.615625 0.9359375 0.05234375 0.0859375
1 0.30625 0.7375 0.0375 0.0890625
1 0.353125 0.38984375 0.02265625 0.034375
1 0.453125 0.7515625 0.0390625 0.075
1 0.35390625 0.65078125 0.034375 0.0765625
1 0.2921875 0.6265625 0.02890625 0.0609375
1 0.240625 0.678125 0.03984375 0.0734375
1 0.246875 0.35546875 0.02109375 0.046875
1 0.2578125 0.2546875 0.02265625 0.04609375
1 0.321875 0.2921875 0.0203125 0.034375
1 0.3078125 0.25625 0.01796875 0.0375
1 0.33046875 0.21484375 0.021875 0.02890625
1 0.3234375 0.19609375 0.015625 0.021875
1 0.30625 0.22265625 0.01796875 0.0234375
1 0.2953125 0.203125 0.025 0.025
0 0.2828125 0.05703125 0.03125 0.053125