0 0.51640625 0.89375 0.1609375 0.2125
1 0.33359375 0.74609375 0.090625 0.1140625
1 0.52109375 0.69921875 0.090625 0.0796875
1 0.43671875 0.85 0.0703125 0.0921875
1 0.4046875 0.38828125 0.040625 0.0484375
1 0.4484375 0.29296875 0.0375 0.0484375
1 0.48125 0.540625 0.059375 0.0671875
1 0.1671875 0.84765625 0.078125 0.1421875
1 0.31796875 0.5546875 0.05 0.0703125
1 0.209375 0.5953125 0.0484375 0.0734375
1 0.21484375 0.5421875 0.04375 0.0609375
1 0.275 0.5296875 0.0453125 0.0609375
1 0.31796875 0.48046875 0.0421875 0.05625
1 0.33046875 0.43828125 0.040625 0.053125
1 0.284375 0.4859375 0.04375 0.0546875
1 0.2453125 0.43671875 0.0546875 0.05625
1 0.2921875 0.40625 0.0390625 0.0640625
0 0.26796875 0.3109375 0.0984375 0.159375
1 0.440625 0.14296875 0.0265625 0.03125
1 0.41484375 0.13671875 0.0296875 0.0375
1 0.3484375 0.1078125 0.0171875 0.01875
1 0.3828125 0.0234375 0.0171875 0.0296875
1 0.878125 0.7796875 0.103125 0.08125
1 0.8625 0.7234375 0.0890625 0.071875
1 0.82265625 0.740625 0.075 0.065625
1 0.61953125 0.65703125 0.084375 0.071875