1 0.38125 0.86875 0.02578125 0.0359375
1 0.496875 0.940625 0.03359375 0.0609375
1 0.3140625 0.98203125 0.02578125 0.0359375
1 0.2859375 0.86875 0.0234375 0.04375
1 0.38046875 0.7703125 0.0203125 0.0359375
1 0.34140625 0.75625 0.0234375 0.0328125
1 0.31953125 0.77578125 0.02578125 0.03828125
1 0.31015625 0.7484375 0.02265625 0.03203125
1 0.2796875 0.66953125 0.01953125 0.03203125
1 0.290625 0.61875 0.015625 0.028125
1 0.24375 0.83359375 0.04375 0.07421875
0 0.2171875 0.8890625 0.05390625 0.17734375
1 0.27890625 0.81640625 0.02109375 0.04609375
1 0.26171875 0.7546875 0.02109375 0.0515625
1 0.2390625 0.78515625 0.01953125 0.02265625
1 0.246875 0.71171875 0.01484375 0.03203125
1 0.30078125 0.72265625 0.01328125 0.028125
0 0.32734375 0.69609375 0.0375 0.09140625
0 0.390625 0.703125 0.0484375 0.09375
1 0.353125 0.69140625 0.01953125 0.03984375
1 0.3515625 0.64453125 0.01640625 0.0265625