0 0.2765625 0.13359375 0.03125 0.0578125
1 0.4734375 0.68046875 0.06875 0.0640625
1 0.29453125 0.68515625 0.040625 0.0703125
1 0.48515625 0.81015625 0.0859375 0.075
1 0.31875 0.26015625 0.025 0.03125
1 0.21640625 0.38046875 0.028125 0.046875
1 0.36015625 0.60625 0.040625 0.053125
1 0.3171875 0.33125 0.0265625 0.0359375
1 0.38828125 0.440625 0.0328125 0.0453125
1 0.37265625 0.53828125 0.034375 0.046875
1 0.63046875 0.74453125 0.0765625 0.0671875
1 0.753125 0.796875 0.0875 0.06875
0 0.18515625 0.4765625 0.0546875 0.1046875
1 0.24296875 0.1140625 0.0203125 0.0234375
1 0.2265625 0.08984375 0.0125 0.01875
0 0.225 0.0109375 0.021875 0.021875
1 0.21875 0.071875 0.0109375 0.0234375