1 0.3609375 0.953125 0.04296875 0.090625
1 0.4234375 0.3875 0.02734375 0.04140625
1 0.5078125 0.546875 0.03828125 0.05
1 0.3390625 0.590625 0.040625 0.078125
1 0.32890625 0.21953125 0.021875 0.03046875
1 0.6 0.88203125 0.0515625 0.078125
1 0.421875 0.4578125 0.03125 0.04296875
1 0.2578125 0.834375 0.04140625 0.0859375
1 0.2484375 0.740625 0.0421875 0.1
1 0.2421875 0.6484375 0.0375 0.075
1 0.221875 0.56015625 0.01953125 0.0625
1 0.2921875 0.5953125 0.02734375 0.06796875
1 0.61953125 0.765625 0.0296875 0.06953125
1 0.634375 0.97421875 0.0484375 0.0515625
1 0.6515625 0.71171875 0.06015625 0.05703125
1 0.603125 0.63828125 0.0734375 0.0515625
1 0.60234375 0.60859375 0.0734375 0.028125
1 0.734375 0.68671875 0.0765625 0.05390625
1 0.7625 0.646875 0.0859375 0.05546875
1 0.80703125 0.628125 0.0515625 0.03203125
1 0.9 0.6765625 0.08046875 0.0359375
1 0.978125 0.66796875 0.04375 0.05859375
1 0.32890625 0.15703125 0.0203125 0.028125
1 0.2609375 0.16640625 0.02734375 0.025
1 0.25 0.146875 0.040625 0.01953125
1 0.184375 0.13515625 0.0296875 0.0265625
1 0.2328125 0.2453125 0.01875 0.0375
1 0.240625 0.2890625 0.0171875 0.03359375
1 0.2390625 0.359375 0.01640625 0.04140625
1 0.2671875 0.4140625 0.02578125 0.046875
0 0.221875 0.40390625 0.04140625 0.13046875
1 0.20390625 0.26875 0.0203125 0.03203125