1 0.2796875 0.54609375 0.0421875 0.06875
1 0.55234375 0.60859375 0.0703125 0.0578125
1 0.3703125 0.33984375 0.0296875 0.04375
1 0.43359375 0.35234375 0.0328125 0.04375
1 0.4796875 0.371875 0.034375 0.040625
1 0.46015625 0.58203125 0.0671875 0.065625
1 0.48203125 0.5296875 0.046875 0.0546875
1 0.4125 0.24453125 0.0265625 0.03125
1 0.63515625 0.671875 0.08125 0.0546875
1 0.696875 0.7203125 0.0703125 0.05
1 0.78125 0.68515625 0.075 0.0625
1 0.86875 0.675 0.075 0.0515625
0 0.2421875 0.2953125 0.0609375 0.1203125
1 0.2734375 0.21328125 0.0296875 0.0484375
1 0.265625 0.15 0.0328125 0.034375
1 0.2890625 0.0625 0.015625 0.0203125
1 0.3234375 0.95078125 0.04375 0.0625