1 0.3453125 0.83359375 0.059375 0.1046875
1 0.4515625 0.5 0.0390625 0.0484375
1 0.47890625 0.4015625 0.034375 0.0484375
1 0.24296875 0.565625 0.0390625 0.06875
1 0.2875 0.5796875 0.040625 0.06875
1 0.63359375 0.71796875 0.059375 0.065625
1 0.33671875 0.140625 0.01875 0.0265625
1 0.5703125 0.88359375 0.05625 0.0828125
1 0.609375 0.971875 0.05625 0.05625
1 0.31953125 0.1796875 0.021875 0.034375
1 0.3828125 0.3578125 0.025 0.040625
1 0.33359375 0.26640625 0.0265625 0.0375
1 0.3875 0.4328125 0.0296875 0.046875
1 0.42265625 0.3484375 0.0234375 0.034375
1 0.3875 0.23203125 0.0203125 0.0296875
1 0.35 0.18046875 0.01875 0.034375
1 0.60234375 0.6234375 0.059375 0.05
1 0.96015625 0.65234375 0.065625 0.0625
1 0.80546875 0.646875 0.075 0.0609375