0 0.46875 0.76875 0.1546875 0.3
0 0.31953125 0.78125 0.1234375 0.2671875
1 0.52734375 0.8109375 0.059375 0.0796875
1 0.4 0.66640625 0.0484375 0.065625
1 0.446875 0.5875 0.046875 0.0671875
1 0.384375 0.4296875 0.0421875 0.0578125
1 0.31484375 0.2890625 0.0265625 0.040625
1 0.47109375 0.5109375 0.0375 0.05
1 0.5 0.64453125 0.053125 0.078125
1 0.7265625 0.734375 0.084375 0.0671875
1 0.928125 0.703125 0.090625 0.075
1 0.43046875 0.48046875 0.04375 0.0515625
1 0.44765625 0.4109375 0.034375 0.046875
1 0.4796875 0.3671875 0.0328125 0.04375
1 0.4390625 0.35390625 0.034375 0.0390625
1 0.4203125 0.309375 0.03125 0.0453125
1 0.42890625 0.26953125 0.0265625 0.0390625
1 0.37265625 0.33203125 0.0296875 0.0421875
1 0.3640625 0.25078125 0.025 0.0328125
1 0.3875 0.1875 0.0234375 0.0296875
1 0.43984375 0.1875 0.0234375 0.034375
1 0.3625 0.20703125 0.0296875 0.0359375
1 0.359375 0.18203125 0.0234375 0.025
1 0.3828125 0.16875 0.021875 0.025
1 0.35703125 0.16953125 0.021875 0.021875
1 0.36953125 0.096875 0.028125 0.0390625
1 0.30625 0.12578125 0.021875 0.0328125
0 0.28515625 0.04921875 0.0359375 0.0625