0 0.28515625 0.43984375 0.1796875 0.2015625
1 0.31875 0.26171875 0.0328125 0.0453125
1 0.49140625 0.42734375 0.0421875 0.046875
1 0.278125 0.55234375 0.05 0.0828125
2 0.58359375 0.646875 0.1265625 0.1015625
1 0.77734375 0.7078125 0.0875 0.0640625
1 0.9421875 0.74140625 0.046875 0.0703125
1 0.51015625 0.6046875 0.078125 0.0734375
1 0.48515625 0.36640625 0.0296875 0.046875
1 0.475 0.32421875 0.0296875 0.0421875
1 0.31796875 0.025 0.021875 0.0328125
0 0.446875 0.275 0.0546875 0.103125
0 0.45703125 0.20859375 0.046875 0.06875
0 0.3984375 0.09375 0.0578125 0.0859375
0 0.29765625 0.0203125 0.0359375 0.040625