1 0.63671875 0.6171875 0.06796875 0.05703125
1 0.97421875 0.63984375 0.0515625 0.0609375
1 0.92578125 0.596875 0.06484375 0.04375
1 0.72734375 0.64921875 0.06328125 0.05546875
0 0.584375 0.93828125 0.09375 0.12265625
0 0.21484375 0.39453125 0.05625 0.15859375
0 0.19296875 0.0796875 0.0265625 0.0765625
1 0.33125 0.56484375 0.0296875 0.0796875
1 0.31953125 0.4984375 0.03125 0.06328125
1 0.49921875 0.44921875 0.03046875 0.05390625
1 0.22109375 0.209375 0.01953125 0.03828125
1 0.2171875 0.09765625 0.01953125 0.034375
1 0.215625 0.0609375 0.01953125 0.03671875