1 0.6 0.671875 0.06875 0.0609375
1 0.3515625 0.9015625 0.05 0.109375
1 0.4640625 0.90078125 0.0484375 0.0796875
1 0.44375 0.45390625 0.034375 0.046875
1 0.334375 0.27890625 0.0234375 0.034375
1 0.44609375 0.5703125 0.0390625 0.0515625
1 0.39296875 0.29765625 0.0265625 0.0375
1 0.4859375 0.53984375 0.046875 0.0515625
1 0.50234375 0.4796875 0.0359375 0.04375
1 0.57109375 0.603125 0.071875 0.059375
1 0.9609375 0.61875 0.0734375 0.0734375
1 0.9328125 0.69140625 0.1015625 0.053125
1 0.82265625 0.66015625 0.08125 0.046875
1 0.72578125 0.69140625 0.0875 0.05625
1 0.646875 0.71328125 0.0515625 0.053125
1 0.6921875 0.9734375 0.059375 0.053125
0 0.6359375 0.94609375 0.0875 0.1078125
0 0.3546875 0.14765625 0.0484375 0.0703125
1 0.528125 0.8984375 0.0484375 0.0828125
1 0.5828125 0.86484375 0.0515625 0.078125
1 0.29140625 0.5890625 0.0390625 0.0671875
1 0.23671875 0.56875 0.03125 0.0515625
1 0.2859375 0.5359375 0.0328125 0.05
1 0.2671875 0.49921875 0.0296875 0.0484375
1 0.2671875 0.453125 0.0328125 0.05625
1 0.3234375 0.15703125 0.0234375 0.0234375
1 0.3140625 0.14140625 0.021875 0.0203125
1 0.29921875 0.11015625 0.0265625 0.0296875
0 0.29765625 0.040625 0.0296875 0.0546875
1 0.21953125 0.16796875 0.0203125 0.0390625