0 0.6296875 0.87578125 0.134375 0.24609375
1 0.5203125 0.68828125 0.07578125 0.0625
1 0.38828125 0.7828125 0.0640625 0.0875
1 0.5453125 0.59375 0.05859375 0.0515625
1 0.4421875 0.4953125 0.03515625 0.04609375
1 0.48125 0.90703125 0.0453125 0.078125
1 0.5421875 0.91328125 0.04921875 0.07890625
0 0.74375 0.625 0.11015625 0.078125
0 0.225 0.415625 0.04765625 0.159375
0 0.21796875 0.30546875 0.0359375 0.09453125
0 0.2796875 0.065625 0.0234375 0.0484375
2 0.25625 0.33984375 0.03203125 0.07890625
0 0.2859375 0.534375 0.05859375 0.17890625
1 0.2484375 0.74609375 0.03828125 0.1
1 0.240625 0.65390625 0.0375 0.078125
1 0.3390625 0.59375 0.02734375 0.0625
1 0.3359375 0.5359375 0.02578125 0.046875
1 0.328125 0.50703125 0.0328125 0.04140625
1 0.315625 0.459375 0.02421875 0.0484375
1 0.30234375 0.42109375 0.0296875 0.04140625
1 0.2734375 0.428125 0.02421875 0.03359375
1 0.225 0.56328125 0.02578125 0.04296875
1 0.24375 0.60390625 0.01796875 0.03046875
1 0.5546875 0.97578125 0.04140625 0.0484375
1 0.946875 0.678125 0.09296875 0.05859375
1 0.36875 0.33359375 0.01953125 0.04140625
1 0.3546875 0.2734375 0.0171875 0.03046875
1 0.32109375 0.278125 0.0296875 0.03203125
1 0.325 0.209375 0.015625 0.028125
1 0.328125 0.171875 0.02109375 0.021875
1 0.3015625 0.22265625 0.01953125 0.03203125
1 0.2953125 0.19765625 0.0203125 0.02890625
1 0.278125 0.31171875 0.025 0.0375
1 0.21640625 0.059375 0.0078125 0.021875
1 0.2078125 0.01796875 0.009375 0.01953125
1 0.23984375 0.02265625 0.0109375 0.015625
1 0.25703125 0.05078125 0.0140625 0.02109375
1 0.2765625 0.10546875 0.01484375 0.025
1 0.2 0.21640625 0.02109375 0.03359375