0 0.51484375 0.57578125 0.071875 0.1609375
0 0.42421875 0.61328125 0.08125 0.1796875
0 0.41484375 0.4296875 0.0640625 0.13125
0 0.5140625 0.83203125 0.0828125 0.1875
0 0.22578125 0.35859375 0.0453125 0.11875
1 0.31796875 0.48515625 0.0328125 0.0546875
1 0.61484375 0.81875 0.0484375 0.06875
1 0.4609375 0.92734375 0.0515625 0.0859375
1 0.58671875 0.909375 0.05625 0.0828125
1 0.61796875 0.73359375 0.0359375 0.08125
1 0.73671875 0.67109375 0.09375 0.090625
1 0.2328125 0.72890625 0.0515625 0.090625
1 0.23359375 0.65625 0.0375 0.059375
1 0.23203125 0.60546875 0.028125 0.0421875
1 0.2234375 0.54375 0.025 0.0609375
1 0.3015625 0.3890625 0.0203125 0.046875
1 0.37734375 0.3359375 0.0234375 0.040625
1 0.40390625 0.303125 0.0203125 0.034375
1 0.359375 0.27890625 0.03125 0.028125
1 0.375 0.21328125 0.0203125 0.0296875
1 0.3296875 0.2296875 0.0265625 0.03125
1 0.34296875 0.2125 0.015625 0.025
1 0.3453125 0.17265625 0.01875 0.021875
1 0.3375 0.1953125 0.0140625 0.028125
1 0.31328125 0.20703125 0.0234375 0.01875
1 0.31328125 0.1875 0.0125 0.021875
1 0.2578125 0.16484375 0.0171875 0.0296875
1 0.253125 0.1125 0.015625 0.021875
1 0.24375 0.06796875 0.0203125 0.0296875
1 0.24765625 0.03125 0.021875 0.0359375
0 0.22734375 0.23828125 0.05 0.1234375