0 0.35546875 0.3703125 0.0765625 0.209375
1 0.70546875 0.953125 0.07109375 0.09140625
1 0.52265625 0.6265625 0.06953125 0.08125
1 0.66796875 0.83359375 0.06328125 0.08671875
1 0.4359375 0.4453125 0.05 0.06484375
1 0.4296875 0.39453125 0.0390625 0.0453125
1 0.4234375 0.37265625 0.04140625 0.0515625
1 0.41015625 0.32421875 0.0390625 0.06875
1 0.4 0.26640625 0.0421875 0.0625
1 0.3859375 0.18046875 0.0359375 0.05390625
1 0.340625 0.1953125 0.03203125 0.0625
1 0.3640625 0.10703125 0.03671875 0.05546875