0 0.30625 0.56328125 0.175 0.209375
1 0.4546875 0.8078125 0.08125 0.096875
1 0.50859375 0.61171875 0.071875 0.0703125
1 0.67890625 0.9390625 0.0625 0.06875
1 0.59140625 0.9140625 0.0734375 0.1
1 0.46015625 0.9453125 0.0734375 0.109375
1 0.41484375 0.48984375 0.05 0.0546875
1 0.328125 0.6515625 0.0453125 0.05625
1 0.51484375 0.55234375 0.0546875 0.065625
1 0.70546875 0.6140625 0.09375 0.065625
1 0.74375 0.5734375 0.0796875 0.053125
1 0.90625 0.53203125 0.0984375 0.0640625
1 0.4609375 0.4390625 0.05 0.059375
1 0.4296875 0.38515625 0.0296875 0.040625
1 0.39921875 0.353125 0.0390625 0.04375
1 0.32109375 0.33046875 0.0296875 0.0421875
2 0.3046875 0.37734375 0.046875 0.0703125
0 0.1609375 0.27421875 0.059375 0.096875
0 0.32890625 0.25390625 0.05625 0.0953125
0 0.24140625 0.19296875 0.059375 0.08125
1 0.30859375 0.49921875 0.0375 0.05625
1 0.20703125 0.30234375 0.0359375 0.05
1 0.11875 0.1921875 0.0171875 0.03125
1 0.15078125 0.20859375 0.021875 0.0296875
1 0.1390625 0.184375 0.021875 0.0265625
1 0.13125 0.1578125 0.0171875 0.0171875