0 0.49296875 0.6703125 0.1515625 0.2578125
0 0.53984375 0.92265625 0.1484375 0.1546875
1 0.55703125 0.76015625 0.05 0.06875
1 0.621875 0.73203125 0.0703125 0.075
1 0.32265625 0.51171875 0.0421875 0.0640625
1 0.3015625 0.87265625 0.0671875 0.1140625
1 0.3171875 0.640625 0.05625 0.0859375
2 0.43515625 0.46640625 0.0953125 0.153125
1 0.87421875 0.76328125 0.090625 0.078125
1 0.1796875 0.8734375 0.078125 0.1359375
1 0.2296875 0.9296875 0.0453125 0.0453125
1 0.19921875 0.67734375 0.065625 0.1140625
1 0.21171875 0.6015625 0.046875 0.065625
1 0.26015625 0.51015625 0.034375 0.0625
1 0.21640625 0.4984375 0.0359375 0.0578125
1 0.38515625 0.40859375 0.0375 0.0609375
1 0.48671875 0.3765625 0.0265625 0.0453125
1 0.2828125 0.35 0.0421875 0.0671875
1 0.37578125 0.34296875 0.03125 0.040625
1 0.4125 0.334375 0.0375 0.0515625
1 0.4078125 0.29453125 0.0203125 0.025
1 0.3796875 0.3046875 0.03125 0.034375
1 0.3765625 0.2765625 0.0234375 0.0328125
1 0.40703125 0.2640625 0.025 0.03125
1 0.40546875 0.234375 0.0328125 0.028125
1 0.3734375 0.24765625 0.0234375 0.0265625
1 0.37421875 0.23203125 0.021875 0.025
1 0.3984375 0.21015625 0.01875 0.028125
1 0.4 0.18359375 0.028125 0.0328125
1 0.39375 0.12578125 0.021875 0.03125
1 0.3796875 0.0828125 0.0265625 0.0375
1 0.35859375 0.009375 0.0140625 0.01875
1 0.309375 0.0484375 0.0234375 0.0296875
1 0.36640625 0.15546875 0.028125 0.0328125
1 0.37265625 0.18828125 0.028125 0.034375
1 0.37265625 0.2109375 0.025 0.028125
1 0.471875 0.28984375 0.0328125 0.0484375
0 0.45 0.32578125 0.0453125 0.084375