1 0.3984375 0.5140625 0.0421875 0.0578125
1 0.434375 0.60390625 0.05 0.0609375
1 0.7203125 0.9421875 0.053125 0.0421875
1 0.53828125 0.71640625 0.090625 0.0796875
1 0.31328125 0.39765625 0.0328125 0.0421875
1 0.63671875 0.684375 0.0921875 0.0828125
1 0.85703125 0.80859375 0.125 0.121875
1 0.26875 0.4421875 0.03125 0.04375
0 0.64296875 0.928125 0.1078125 0.1171875
1 0.93046875 0.5921875 0.1375 0.1125
1 0.353125 0.7328125 0.053125 0.0765625
1 0.28359375 0.7140625 0.0546875 0.0921875
1 0.3296875 0.678125 0.0484375 0.075
1 0.228125 0.37265625 0.0328125 0.0421875
1 0.215625 0.33359375 0.028125 0.0328125