0 0.4796875 0.740625 0.0625 0.1078125
0 0.540625 0.896875 0.0609375 0.1203125
0 0.2828125 0.9484375 0.05 0.090625
1 0.41171875 0.85078125 0.025 0.0421875
1 0.43359375 0.83125 0.0203125 0.0375
1 0.40078125 0.821875 0.025 0.0375
1 0.38828125 0.79453125 0.0171875 0.0359375
1 0.40859375 0.74453125 0.0265625 0.0234375
1 0.38125 0.76484375 0.0234375 0.0296875
1 0.37421875 0.73828125 0.021875 0.0328125
1 0.3203125 0.54765625 0.0125 0.025
1 0.31796875 0.52890625 0.015625 0.0171875
0 0.428125 0.784375 0.040625 0.05625