1 0.5078125 0.4890625 0.034375 0.046875
1 0.74609375 0.684375 0.05 0.046875
1 0.38125 0.94921875 0.046875 0.0984375
1 0.4109375 0.42578125 0.03125 0.053125
1 0.4765625 0.86484375 0.04375 0.08125
1 0.6109375 0.87421875 0.05 0.090625
1 0.61875 0.96015625 0.0515625 0.078125
1 0.56875 0.9765625 0.0453125 0.046875
1 0.54375 0.90859375 0.046875 0.0890625
1 0.48984375 0.96171875 0.0421875 0.0765625
1 0.95859375 0.6765625 0.0828125 0.053125
1 0.3359375 0.5921875 0.03125 0.065625
1 0.3328125 0.53671875 0.0359375 0.046875
1 0.3203125 0.490625 0.028125 0.0515625
1 0.3140625 0.4640625 0.025 0.040625
1 0.2984375 0.40859375 0.025 0.04375
1 0.26796875 0.45703125 0.028125 0.05
1 0.2390625 0.58203125 0.0328125 0.071875
1 0.2875 0.596875 0.0296875 0.05625
1 0.28671875 0.54765625 0.0265625 0.0484375
1 0.2765625 0.5109375 0.03125 0.046875
1 0.434375 0.325 0.0296875 0.040625
1 0.3703125 0.3375 0.028125 0.025
1 0.33671875 0.321875 0.025 0.034375
1 0.3578125 0.3125 0.021875 0.03125
1 0.34921875 0.2859375 0.021875 0.03125
1 0.33984375 0.2578125 0.0140625 0.021875
1 0.33359375 0.22734375 0.015625 0.03125
1 0.3015625 0.22109375 0.015625 0.025
1 0.315625 0.2671875 0.0171875 0.03125
1 0.3265625 0.30546875 0.021875 0.0359375
1 0.23359375 0.21953125 0.0171875 0.034375
1 0.28515625 0.18046875 0.01875 0.028125
1 0.30625 0.17421875 0.0140625 0.0265625
1 0.28125 0.15625 0.01875 0.0265625
1 0.25 0.15546875 0.025 0.01875