0 0.3734375 0.20390625 0.05390625 0.096875
0 0.28671875 0.15078125 0.05 0.078125
1 0.378125 0.8515625 0.04296875 0.09453125
1 0.40234375 0.96796875 0.05 0.06171875
1 0.23515625 0.71484375 0.03828125 0.078125
1 0.32421875 0.34140625 0.02890625 0.0453125
1 0.3078125 0.28203125 0.025 0.04609375
1 0.2890625 0.225 0.01796875 0.034375
1 0.32578125 0.240625 0.0234375 0.034375
1 0.3109375 0.2109375 0.02109375 0.025
1 0.21484375 0.21328125 0.01953125 0.03203125
1 0.21796875 0.1796875 0.02421875 0.034375
1 0.2109375 0.14453125 0.02890625 0.03046875
1 0.22734375 0.034375 0.01484375 0.0265625
1 0.734375 0.67421875 0.0796875 0.04921875
0 0.32578125 0.8921875 0.08828125 0.215625
1 0.2125 0.0125 0.01171875 0.01953125