0 0.06484375 0.10390625 0.04140625 0.08359375
1 0.4453125 0.9515625 0.103125 0.0953125
1 0.0125 0.396875 0.025 0.065625
1 0.22421875 0.3234375 0.040625 0.04453125
1 0.065625 0.54375 0.03828125 0.07578125
1 0.12578125 0.2765625 0.03125 0.04140625
1 0.0453125 0.459375 0.034375 0.06953125
1 0.109375 0.3234375 0.03203125 0.04609375
1 0.10078125 0.225 0.028125 0.0390625
1 0.30703125 0.28359375 0.04765625 0.03046875
1 0.00625 0.15625 0.0125 0.03984375
1 0.015625 0.06484375 0.01171875 0.02109375
1 0.03203125 0.13828125 0.02109375 0.03046875