0 0.5640625 0.88203125 0.12265625 0.23359375
1 0.64921875 0.85859375 0.046875 0.078125
1 0.8921875 0.64765625 0.08359375 0.05390625
1 0.3265625 0.30703125 0.02421875 0.0359375
1 0.63359375 0.72421875 0.0296875 0.0625
1 0.65703125 0.6515625 0.0765625 0.053125
1 0.67734375 0.61171875 0.059375 0.04609375
1 0.5484375 0.59140625 0.05625 0.05
1 0.47109375 0.5953125 0.0625 0.05390625
1 0.496875 0.55234375 0.0375 0.04296875
1 0.4265625 0.4859375 0.03515625 0.053125
1 0.4609375 0.3734375 0.02265625 0.0359375
1 0.3890625 0.35390625 0.02421875 0.0390625
1 0.3328125 0.58671875 0.034375 0.05390625
1 0.321875 0.53203125 0.03125 0.0609375
1 0.28515625 0.596875 0.03125 0.06796875
1 0.2453125 0.646875 0.03515625 0.09140625
1 0.234375 0.54921875 0.02890625 0.07109375
1 0.3125 0.240625 0.021875 0.040625
1 0.2296875 0.11328125 0.01953125 0.034375
1 0.2875 0.0734375 0.015625 0.028125
1 0.25 0.040625 0.0171875 0.0265625
1 0.2390625 0.0234375 0.0171875 0.01953125
0 0.41015625 0.29453125 0.0390625 0.09140625
0 0.390625 0.24296875 0.03046875 0.08359375
0 0.38125 0.1890625 0.04453125 0.075