1 0.47578125 0.5609375 0.0578125 0.053125
1 0.2421875 0.05390625 0.015625 0.021875
1 0.61796875 0.8765625 0.0578125 0.08125
1 0.40703125 0.4640625 0.0359375 0.0453125
1 0.56328125 0.89921875 0.053125 0.090625
1 0.4734375 0.4203125 0.03125 0.04375
1 0.6484375 0.70703125 0.05625 0.0734375
0 0.6109375 0.97734375 0.08125 0.0390625
1 0.98515625 0.6515625 0.0296875 0.05
1 0.65234375 0.95234375 0.0578125 0.0828125
1 0.63125 0.77109375 0.0484375 0.08125
1 0.7453125 0.67890625 0.0765625 0.0703125
1 0.71796875 0.621875 0.059375 0.0484375
1 0.35 0.59921875 0.03125 0.0515625
1 0.33984375 0.55234375 0.03125 0.0546875
1 0.325 0.509375 0.028125 0.05625
1 0.3046875 0.6203125 0.040625 0.0640625
1 0.25390625 0.6390625 0.0328125 0.0609375
1 0.24921875 0.5734375 0.028125 0.071875
1 0.28046875 0.540625 0.0265625 0.059375
1 0.3015625 0.56953125 0.04375 0.0625
1 0.396875 0.33984375 0.0265625 0.0421875
1 0.44765625 0.37265625 0.025 0.0359375
1 0.34296875 0.31328125 0.021875 0.040625
1 0.36171875 0.27421875 0.0234375 0.0328125
1 0.29921875 0.2640625 0.01875 0.0296875
1 0.31015625 0.21640625 0.0203125 0.0296875
1 0.2984375 0.17578125 0.0234375 0.0265625
1 0.28515625 0.228125 0.0171875 0.028125
1 0.27890625 0.21171875 0.021875 0.025
1 0.2046875 0.13125 0.021875 0.0296875