0 0.35703125 0.2890625 0.04375 0.084375
0 0.30234375 0.30078125 0.0375 0.08125
1 0.353125 0.453125 0.028125 0.0390625
1 0.36640625 0.9765625 0.04375 0.04375
1 0.30859375 0.6640625 0.0328125 0.0609375
1 0.334375 0.82578125 0.040625 0.08125
1 0.40859375 0.6140625 0.0390625 0.0609375
1 0.3765625 0.403125 0.025 0.04375
1 0.18203125 0.3 0.0171875 0.0375
1 0.27578125 0.3390625 0.01875 0.028125
1 0.31796875 0.36015625 0.0203125 0.0328125
1 0.26171875 0.3 0.01875 0.0375
1 0.27578125 0.2671875 0.0140625 0.028125
1 0.20625 0.24921875 0.03125 0.028125
1 0.19453125 0.20078125 0.01875 0.0265625
1 0.23671875 0.171875 0.021875 0.0265625
1 0.2515625 0.20234375 0.0125 0.0234375
1 0.228125 0.1609375 0.0125 0.025
1 0.20859375 0.12421875 0.015625 0.021875
1 0.17421875 0.228125 0.021875 0.025