1 0.34453125 0.41484375 0.0296875 0.040625
1 0.3234375 0.83828125 0.04375 0.0859375
1 0.6171875 0.8671875 0.04375 0.0703125
1 0.29453125 0.65234375 0.0375 0.0671875
1 0.271875 0.94609375 0.053125 0.0921875
1 0.2 0.1671875 0.0171875 0.0265625
1 0.42578125 0.8171875 0.0484375 0.071875
1 0.58828125 0.9796875 0.0609375 0.040625
1 0.5203125 0.79296875 0.0484375 0.0703125
1 0.2984375 0.39921875 0.0265625 0.028125
1 0.29140625 0.3515625 0.021875 0.034375
1 0.32890625 0.28984375 0.01875 0.0296875
1 0.3265625 0.2546875 0.01875 0.025
1 0.190625 0.1125 0.0125 0.0234375
1 0.19375 0.3015625 0.0203125 0.0375
1 0.22421875 0.2859375 0.021875 0.0421875
1 0.29921875 0.2890625 0.025 0.028125
1 0.27734375 0.32109375 0.0234375 0.028125
1 0.278125 0.29921875 0.01875 0.021875
1 0.26953125 0.29296875 0.01875 0.025