1 0.36640625 0.59140625 0.04375 0.053125
1 0.51875 0.84921875 0.1015625 0.1015625
1 0.365625 0.7484375 0.053125 0.0765625
1 0.55546875 0.67265625 0.075 0.0703125
1 0.38125 0.4859375 0.0390625 0.0453125
1 0.4828125 0.62109375 0.05 0.0609375
1 0.296875 0.484375 0.0453125 0.053125
1 0.27734375 0.80625 0.0625 0.0640625
1 0.30546875 0.74140625 0.05 0.0765625
1 0.3078125 0.43359375 0.0328125 0.04375
1 0.95625 0.659375 0.0875 0.08125
1 0.1265625 0.31640625 0.034375 0.034375
1 0.08359375 0.18984375 0.0171875 0.021875
1 0.12734375 0.20546875 0.0203125 0.021875
1 0.09765625 0.1734375 0.0171875 0.021875
0 0.1 0.13828125 0.0296875 0.05625
1 0.0890625 0.15625 0.015625 0.015625