1 0.484375 0.56328125 0.0625 0.059375
1 0.18203125 0.09375 0.01875 0.0234375
1 0.66953125 0.85625 0.0671875 0.0875
1 0.403125 0.47734375 0.0421875 0.0484375
1 0.61796875 0.88671875 0.0640625 0.0953125
1 0.4625 0.42421875 0.0375 0.0484375
1 0.67578125 0.684375 0.065625 0.0796875
0 0.6765625 0.9578125 0.084375 0.0484375
1 0.9921875 0.58203125 0.015625 0.0546875
1 0.71328125 0.9265625 0.06875 0.0890625
1 0.66796875 0.75 0.0578125 0.0859375
1 0.76796875 0.64296875 0.084375 0.0796875
1 0.73203125 0.58984375 0.0640625 0.05625
1 0.365625 0.61953125 0.0375 0.0546875
1 0.34921875 0.57421875 0.0390625 0.0578125
1 0.328125 0.53359375 0.0359375 0.059375
1 0.3234375 0.646875 0.0484375 0.06875
1 0.27578125 0.671875 0.040625 0.0640625
1 0.2625 0.6078125 0.0375 0.075
1 0.28828125 0.5703125 0.034375 0.0625
1 0.31328125 0.596875 0.0515625 0.0671875
1 0.37578125 0.35546875 0.0328125 0.0453125
1 0.43046875 0.38125 0.0296875 0.0375
1 0.31875 0.33671875 0.028125 0.0421875
1 0.33125 0.2953125 0.0265625 0.0359375
1 0.26796875 0.29453125 0.021875 0.03125
1 0.27265625 0.24609375 0.025 0.03125
1 0.25546875 0.20703125 0.0265625 0.028125
1 0.25 0.26015625 0.021875 0.0296875
1 0.24140625 0.2453125 0.025 0.0265625
1 0.15625 0.17578125 0.025 0.03125