0 0.2703125 0.1375 0.0296875 0.05625
1 0.4765625 0.68125 0.0671875 0.0625
1 0.29765625 0.6890625 0.040625 0.0703125
1 0.490625 0.81015625 0.084375 0.075
1 0.31484375 0.26328125 0.025 0.03125
1 0.2140625 0.3859375 0.0265625 0.046875
1 0.36171875 0.60859375 0.0390625 0.0515625
1 0.31484375 0.334375 0.0265625 0.0359375
1 0.3875 0.4421875 0.0328125 0.04375
1 0.3734375 0.540625 0.034375 0.046875
1 0.634375 0.7421875 0.075 0.065625
1 0.75859375 0.7921875 0.0875 0.0671875
0 0.18515625 0.48203125 0.053125 0.103125
1 0.2359375 0.11875 0.0203125 0.0234375
1 0.21953125 0.09453125 0.0125 0.01875
0 0.215625 0.01328125 0.021875 0.0265625
1 0.21171875 0.0765625 0.0109375 0.0234375