0 0.36875 0.3140625 0.0640625 0.15625
0 0.71484375 0.8734375 0.1578125 0.253125
1 0.51796875 0.7796875 0.0515625 0.090625
1 0.72109375 0.765625 0.0625 0.090625
1 0.5890625 0.81171875 0.0515625 0.0984375
1 0.640625 0.75859375 0.046875 0.0984375
1 0.62578125 0.66484375 0.0453125 0.071875
1 0.59921875 0.590625 0.040625 0.0640625
1 0.56171875 0.69375 0.0515625 0.0828125
1 0.54375 0.59765625 0.04375 0.071875
1 0.496875 0.64921875 0.0515625 0.1
1 0.28671875 0.340625 0.025 0.0609375
1 0.3265625 0.32734375 0.0265625 0.059375
1 0.31796875 0.278125 0.0234375 0.05
1 0.31328125 0.24609375 0.021875 0.0546875
1 0.34921875 0.215625 0.025 0.0484375
1 0.34296875 0.18203125 0.0203125 0.0390625
1 0.85546875 0.4 0.08125 0.05625
1 0.928125 0.4046875 0.0578125 0.0515625