0 0.44296875 0.7390625 0.053125 0.09375
1 0.5359375 0.96328125 0.0390625 0.053125
1 0.346875 0.909375 0.0296875 0.053125
1 0.484375 0.9421875 0.034375 0.0515625
1 0.39296875 0.95234375 0.0375 0.0640625
1 0.4734375 0.8546875 0.0390625 0.0578125
1 0.48515625 0.78359375 0.0265625 0.040625
1 0.375 0.82421875 0.028125 0.046875
1 0.334375 0.7796875 0.025 0.0484375
1 0.334375 0.74921875 0.0265625 0.040625
1 0.365625 0.7625 0.0234375 0.04375
1 0.36015625 0.72109375 0.021875 0.0375
1 0.46953125 0.72734375 0.0234375 0.03125
1 0.40703125 0.73671875 0.025 0.0390625
1 0.43984375 0.64609375 0.021875 0.0328125
1 0.39140625 0.6609375 0.0203125 0.0328125
1 0.35234375 0.66015625 0.0203125 0.03125
1 0.32109375 0.63515625 0.0203125 0.034375
1 0.33125 0.51484375 0.0125 0.0265625
1 0.32890625 0.47578125 0.0125 0.0203125
1 0.3203125 0.59609375 0.0171875 0.03125
1 0.34453125 0.5921875 0.0171875 0.0265625
1 0.3375 0.56171875 0.01875 0.025
1 0.34609375 0.6265625 0.0171875 0.0296875
1 0.421875 0.59375 0.0171875 0.0296875
1 0.41640625 0.64140625 0.0171875 0.021875
1 0.40703125 0.61796875 0.01875 0.0296875
1 0.3859375 0.63515625 0.021875 0.025
1 0.38203125 0.6171875 0.0171875 0.028125
1 0.34921875 0.4640625 0.0140625 0.025