1 0.2671875 0.303125 0.028125 0.046875
1 0.45 0.50078125 0.04375 0.0515625
1 0.2234375 0.69921875 0.0453125 0.0796875
1 0.490625 0.46171875 0.0375 0.046875
1 0.409375 0.36796875 0.03125 0.0421875
1 0.3796875 0.265625 0.025 0.0359375
1 0.35859375 0.4203125 0.0328125 0.05
1 0.3 0.15390625 0.0296875 0.034375
1 0.328125 0.6015625 0.0390625 0.0765625
1 0.27421875 0.578125 0.03125 0.059375
1 0.309375 0.4921875 0.0484375 0.1203125
1 0.54296875 0.6296875 0.0734375 0.0484375
1 0.5390625 0.58359375 0.0578125 0.046875
1 0.6375 0.71171875 0.053125 0.06875
1 0.61328125 0.79609375 0.053125 0.0734375
1 0.64765625 0.9 0.053125 0.0734375
1 0.59453125 0.9125 0.053125 0.0890625
0 0.55703125 0.95 0.0953125 0.1
1 0.61953125 0.9875 0.0484375 0.025
1 0.7171875 0.68125 0.0828125 0.059375
1 0.72734375 0.628125 0.0875 0.0578125
1 0.93359375 0.6609375 0.096875 0.0671875
1 0.3109375 0.24765625 0.025 0.028125
1 0.34765625 0.20078125 0.025 0.03125
1 0.4359375 0.31328125 0.028125 0.0375
2 0.3671875 0.171875 0.025 0.046875
1 0.23359375 0.08671875 0.01875 0.0203125
1 0.209375 0.08203125 0.0125 0.01875
1 0.24375 0.00234375 0.009375 0.0046875
1 0.21796875 0.00859375 0.0140625 0.0171875
0 0.21015625 0.359375 0.05 0.1171875
1 0.22265625 0.29296875 0.015625 0.0203125