0 0.3890625 0.3796875 0.05625 0.125
0 0.44453125 0.528125 0.071875 0.1578125
1 0.534375 0.675 0.04375 0.0609375
1 0.2859375 0.6671875 0.0359375 0.071875
1 0.590625 0.82578125 0.0578125 0.084375
1 0.584375 0.94296875 0.0609375 0.0875
1 0.37578125 0.8421875 0.04375 0.09375
1 0.325 0.96328125 0.0453125 0.0671875
1 0.25625 0.95078125 0.04375 0.0875
1 0.30546875 0.521875 0.0328125 0.0640625
1 0.2140625 0.5171875 0.0375 0.0921875
1 0.3015625 0.440625 0.0296875 0.05
1 0.265625 0.46875 0.0296875 0.0625
1 0.2828125 0.359375 0.0265625 0.04375
1 0.39765625 0.29609375 0.0234375 0.040625
1 0.25 0.38046875 0.025 0.0453125
1 0.2390625 0.33828125 0.0203125 0.0484375
1 0.26640625 0.28984375 0.0234375 0.0375
1 0.23984375 0.1671875 0.01875 0.040625
1 0.3328125 0.22734375 0.021875 0.034375
1 0.31875 0.2 0.0171875 0.0328125
1 0.2875 0.19453125 0.01875 0.0328125
1 0.30703125 0.24921875 0.0234375 0.0375
1 0.29453125 0.22265625 0.028125 0.0328125
1 0.23359375 0.27265625 0.021875 0.040625
1 0.21015625 0.16640625 0.01875 0.034375
1 0.2046875 0.121875 0.015625 0.025
1 0.25 0.2171875 0.021875 0.040625
1 0.2265625 0.103125 0.0140625 0.0390625
0 0.19609375 0.0640625 0.025 0.0671875