1 0.253125 0.34140625 0.02890625 0.046875
1 0.409375 0.7609375 0.06328125 0.08359375
1 0.3921875 0.51484375 0.0359375 0.0515625
1 0.43046875 0.4265625 0.0265625 0.04140625
1 0.24140625 0.60078125 0.034375 0.0625
1 0.51953125 0.57578125 0.059375 0.0515625
1 0.828125 0.6765625 0.0640625 0.05546875
1 0.91953125 0.678125 0.0765625 0.04609375
1 0.98515625 0.6625 0.0296875 0.06953125
1 0.6421875 0.6671875 0.0640625 0.04609375
1 0.66484375 0.62109375 0.071875 0.053125
1 0.50078125 0.92265625 0.0453125 0.07109375
1 0.5578125 0.93203125 0.03828125 0.08359375
1 0.60625 0.8875 0.059375 0.09140625
1 0.63359375 0.98359375 0.0328125 0.0328125
1 0.3 0.21015625 0.01484375 0.0265625
1 0.3015625 0.16875 0.01796875 0.03203125
1 0.29453125 0.09453125 0.0125 0.021875
1 0.26171875 0.065625 0.0125 0.0140625
0 0.3578125 0.26953125 0.02265625 0.0609375
0 0.58125 0.97890625 0.065625 0.04140625
1 0.4265625 0.49453125 0.028125 0.05
1 0.4859375 0.4296875 0.02578125 0.04296875
1 0.5015625 0.4703125 0.02578125 0.03203125
1 0.4546875 0.3734375 0.02109375 0.028125