1 0.30625 0.8671875 0.0671875 0.1234375
1 0.4765625 0.90703125 0.0578125 0.08125
1 0.61328125 0.73203125 0.0796875 0.0734375
1 0.27890625 0.54140625 0.0453125 0.071875
1 0.42734375 0.32109375 0.0296875 0.040625
1 0.38359375 0.42109375 0.034375 0.05
1 0.9390625 0.7421875 0.065625 0.0734375
1 0.9421875 0.69140625 0.0734375 0.0546875
1 0.84921875 0.72890625 0.1015625 0.0703125
1 0.75234375 0.6625 0.0796875 0.0609375
1 0.67421875 0.68828125 0.084375 0.0609375
1 0.57421875 0.64296875 0.0796875 0.0703125
1 0.49296875 0.54609375 0.09375 0.096875
1 0.33515625 0.540625 0.05 0.0828125
1 0.21875 0.628125 0.04375 0.071875
1 0.22578125 0.5734375 0.053125 0.0703125
1 0.20078125 0.88984375 0.065625 0.140625
1 0.36796875 0.33359375 0.028125 0.04375
1 0.35234375 0.153125 0.021875 0.0328125
1 0.28046875 0.209375 0.0265625 0.034375