1 0.3421875 0.68515625 0.04140625 0.07890625
1 0.521875 0.81953125 0.04375 0.08046875
1 0.75625 0.68671875 0.06796875 0.05390625
1 0.6125 0.75546875 0.03828125 0.06640625
1 0.62890625 0.88515625 0.040625 0.07890625
1 0.65859375 0.7046875 0.0578125 0.065625
1 0.25 0.746875 0.03359375 0.075
1 0.2421875 0.6890625 0.03515625 0.06953125
1 0.36484375 0.428125 0.0234375 0.03203125
1 0.4765625 0.440625 0.03359375 0.03359375
1 0.4203125 0.396875 0.03203125 0.04609375
1 0.453125 0.36171875 0.02421875 0.03203125
1 0.409375 0.3484375 0.0265625 0.046875
1 0.38125 0.2796875 0.02109375 0.03203125
1 0.3625 0.23828125 0.01796875 0.034375
1 0.3640625 0.41015625 0.03359375 0.0265625
1 0.35 0.3828125 0.02734375 0.04296875
1 0.296875 0.20234375 0.01796875 0.02109375
1 0.3015625 0.140625 0.01953125 0.03046875
1 0.3578125 0.296875 0.02265625 0.02109375
1 0.346875 0.2625 0.0109375 0.025
1 0.3421875 0.240625 0.01640625 0.01796875
1 0.303125 0.22578125 0.02578125 0.01796875
1 0.31171875 0.25 0.0234375 0.025
1 0.253125 0.04296875 0.01015625 0.021875
1 0.240625 0.034375 0.01328125 0.0234375
1 0.234375 0.01875 0.01328125 0.02109375
0 0.2359375 0.5953125 0.04296875 0.13203125
0 0.22421875 0.4171875 0.046875 0.12890625
0 0.2140625 0.3140625 0.0484375 0.0890625
0 0.1984375 0.2078125 0.03515625 0.09609375
0 0.4015625 0.24140625 0.034375 0.0859375
0 0.334375 0.30546875 0.05234375 0.10546875
0 0.328125 0.196875 0.04296875 0.08203125
0 0.35078125 0.1609375 0.040625 0.075
1 0.715625 0.97578125 0.06640625 0.0484375