1 0.57265625 0.58359375 0.0703125 0.0609375
1 0.44375 0.85078125 0.06875 0.096875
1 0.47734375 0.534375 0.053125 0.0625
1 0.56328125 0.90078125 0.065625 0.0921875
1 0.659375 0.85234375 0.0578125 0.0859375
1 0.33671875 0.36484375 0.0328125 0.04375
1 0.6046875 0.8625 0.0640625 0.0859375
0 0.33203125 0.60390625 0.121875 0.1703125
0 0.2796875 0.4984375 0.153125 0.184375
0 0.2609375 0.64375 0.0671875 0.1234375
0 0.2078125 0.3875 0.0890625 0.13125
0 0.16640625 0.32265625 0.0640625 0.115625
0 0.14296875 0.24296875 0.040625 0.071875
1 0.72734375 0.9453125 0.05 0.0421875
1 0.79765625 0.92265625 0.05625 0.059375
1 0.734375 0.85859375 0.059375 0.0921875
1 0.71328125 0.78828125 0.0546875 0.06875
1 0.6828125 0.74453125 0.0515625 0.071875
1 0.6640625 0.69296875 0.0484375 0.0484375
1 0.74140625 0.6359375 0.0984375 0.0953125
1 0.78828125 0.56875 0.0796875 0.0625
1 0.8921875 0.59765625 0.0875 0.071875
1 0.97265625 0.575 0.0546875 0.065625
1 0.9171875 0.56796875 0.0890625 0.0609375
1 0.2625 0.41640625 0.04375 0.05
1 0.27578125 0.4515625 0.03125 0.0359375
1 0.18203125 0.23984375 0.034375 0.0390625
1 0.14140625 0.19453125 0.0484375 0.04375
1 0.3046875 0.796875 0.05 0.071875
1 0.284375 0.7328125 0.040625 0.0640625