0 0.70390625 0.1328125 0.071875 0.134375
1 0.64921875 0.6125 0.0546875 0.1015625
1 0.5921875 0.25 0.0390625 0.0671875
1 0.7453125 0.5125 0.0515625 0.078125
1 0.63515625 0.4703125 0.0453125 0.084375
1 0.721875 0.2390625 0.0375 0.0609375
1 0.60859375 0.33671875 0.0421875 0.0765625
1 0.82890625 0.553125 0.05625 0.0890625
1 0.6890625 0.2953125 0.040625 0.0625
1 0.66171875 0.17890625 0.0328125 0.046875
1 0.73828125 0.10703125 0.021875 0.0484375
1 0.6484375 0.134375 0.0265625 0.0484375
1 0.6421875 0.09921875 0.0328125 0.034375
1 0.565625 0.06875 0.025 0.0546875
1 0.5796875 0.13203125 0.0375 0.059375
1 0.53984375 0.18203125 0.034375 0.0640625
0 0.51328125 0.45078125 0.0671875 0.2265625