0 0.328125 0.58203125 0.0984375 0.190625
1 0.48046875 0.40078125 0.034375 0.05
1 0.52421875 0.9671875 0.0546875 0.065625
1 0.57421875 0.903125 0.0578125 0.0828125
1 0.4515625 0.9171875 0.05625 0.0921875
1 0.41953125 0.34609375 0.028125 0.040625
1 0.50859375 0.88828125 0.05625 0.084375
1 0.27109375 0.17890625 0.01875 0.0265625
1 0.36328125 0.1421875 0.025 0.0359375
1 0.2640625 0.0765625 0.015625 0.03125
1 0.25703125 0.03671875 0.01875 0.021875
1 0.25390625 0.00859375 0.0171875 0.0171875
1 0.275 0.60859375 0.0390625 0.0828125