1 0.30390625 0.78203125 0.05625 0.096875
1 0.56484375 0.8984375 0.0640625 0.0859375
1 0.728125 0.9296875 0.065625 0.0703125
1 0.68984375 0.865625 0.065625 0.0875
1 0.6 0.9609375 0.0625 0.0625
0 0.6265625 0.8765625 0.1015625 0.171875
1 0.9765625 0.56484375 0.046875 0.0765625
1 0.359375 0.62421875 0.0453125 0.0625
1 0.3171875 0.640625 0.0421875 0.059375
1 0.28515625 0.5890625 0.04375 0.0671875
1 0.31484375 0.5234375 0.04375 0.0640625
1 0.35 0.57109375 0.0484375 0.071875
1 0.36953125 0.31328125 0.03125 0.0421875