1 0.2984375 0.828125 0.06875 0.103125
1 0.3875 0.41328125 0.0375 0.0484375
1 0.39453125 0.86875 0.0640625 0.090625
1 0.53125 0.97421875 0.059375 0.0515625
1 0.61484375 0.9875 0.0734375 0.025
1 0.56328125 0.9234375 0.0578125 0.090625
1 0.57578125 0.8484375 0.0484375 0.0625
1 0.5640625 0.7921875 0.0546875 0.065625
1 0.571875 0.7359375 0.0484375 0.0515625
1 0.659375 0.72734375 0.084375 0.078125
1 0.825 0.75234375 0.09375 0.0765625
1 0.91328125 0.771875 0.090625 0.0859375
1 0.83359375 0.72421875 0.0703125 0.0609375
1 0.78671875 0.6921875 0.0703125 0.053125
1 0.6578125 0.6828125 0.0734375 0.0671875
1 0.64375 0.65078125 0.0875 0.0625
1 0.49296875 0.69140625 0.0828125 0.084375
2 0.52109375 0.575 0.10625 0.1171875
1 0.5015625 0.48671875 0.0390625 0.046875
1 0.40390625 0.284375 0.03125 0.0359375
1 0.3875 0.2296875 0.03125 0.0328125
1 0.3203125 0.096875 0.025 0.0234375
1 0.35703125 0.059375 0.0171875 0.0234375
1 0.37734375 0.0234375 0.0109375 0.015625
1 0.32265625 0.2734375 0.0296875 0.05625
1 0.32109375 0.33359375 0.0328125 0.0453125
1 0.32109375 0.215625 0.03125 0.04375
1 0.3109375 0.15859375 0.021875 0.0328125
1 0.2921875 0.12421875 0.03125 0.05
1 0.20390625 0.69140625 0.046875 0.06875
1 0.20625 0.63203125 0.046875 0.065625
1 0.221875 0.55 0.0625 0.1453125
0 0.30078125 0.52734375 0.1203125 0.178125
0 0.30234375 0.41484375 0.1453125 0.1640625
0 0.29453125 0.2984375 0.05625 0.08125
0 0.2671875 0.25 0.065625 0.1390625
0 0.2703125 0.146875 0.0421875 0.071875
1 0.50234375 0.88671875 0.05625 0.0875
1 0.4484375 0.8703125 0.0578125 0.0890625