0 0.7015625 0.69296875 0.08125 0.1578125
0 0.6015625 0.328125 0.0359375 0.0671875
1 0.5328125 0.59921875 0.0328125 0.0578125
1 0.55703125 0.7109375 0.040625 0.06875
1 0.5921875 0.89609375 0.05 0.1125
1 0.6390625 0.4375 0.0296875 0.0421875
1 0.76328125 0.70859375 0.0421875 0.0671875
1 0.52421875 0.5171875 0.03125 0.053125
1 0.7140625 0.60625 0.0390625 0.0609375
1 0.8546875 0.83203125 0.05 0.0765625
1 0.6109375 0.60390625 0.0328125 0.053125
1 0.6515625 0.56953125 0.0328125 0.0609375
1 0.67734375 0.53203125 0.0375 0.06875
1 0.61015625 0.5640625 0.0390625 0.0296875
1 0.51796875 0.46875 0.0296875 0.0515625
1 0.49375 0.365625 0.01875 0.046875
1 0.48984375 0.33203125 0.025 0.0375
1 0.48828125 0.3 0.0234375 0.028125
1 0.484375 0.28203125 0.0171875 0.0296875
1 0.4859375 0.2609375 0.015625 0.021875
1 0.48046875 0.24296875 0.0234375 0.0234375
1 0.47421875 0.17578125 0.0125 0.0203125
1 0.47578125 0.15234375 0.015625 0.0328125
1 0.471875 0.1484375 0.0015625 0.0015625
1 0.46796875 0.1078125 0.01875 0.03125
0 0.46484375 0.421875 0.040625 0.109375
0 0.45234375 0.284375 0.0375 0.096875