1 0.56015625 0.98046875 0.0390625 0.0359375
1 0.5078125 0.98828125 0.0328125 0.021875
0 0.528125 0.80546875 0.05 0.1109375
0 0.48828125 0.73671875 0.0578125 0.1046875
1 0.4640625 0.871875 0.0265625 0.03125
1 0.42890625 0.8578125 0.0296875 0.0359375
1 0.45 0.83046875 0.0234375 0.0375
0 0.44296875 0.78125 0.0328125 0.059375
1 0.425 0.76640625 0.0125 0.0328125
1 0.41875 0.746875 0.0203125 0.028125
1 0.415625 0.821875 0.021875 0.0375
1 0.40390625 0.8046875 0.0171875 0.040625
1 0.39140625 0.765625 0.028125 0.0390625
1 0.384375 0.73984375 0.021875 0.025
1 0.32109375 0.546875 0.0171875 0.021875
1 0.31484375 0.47265625 0.009375 0.015625