1 0.4171875 0.959375 0.053125 0.08125
1 0.41015625 0.39765625 0.0328125 0.04375
1 0.51328125 0.5453125 0.04375 0.0546875
1 0.3515625 0.609375 0.05 0.0828125
1 0.29609375 0.2421875 0.025 0.0328125
1 0.64609375 0.8671875 0.0609375 0.084375
1 0.4171875 0.46796875 0.0359375 0.046875
1 0.3 0.86171875 0.0515625 0.090625
1 0.2796875 0.76953125 0.0546875 0.1046875
1 0.2625 0.67890625 0.046875 0.0796875
1 0.23125 0.59375 0.0265625 0.0640625
1 0.30546875 0.6203125 0.0359375 0.0703125
1 0.65078125 0.74921875 0.0375 0.071875
1 0.69140625 0.9546875 0.0546875 0.0578125
1 0.6765625 0.69140625 0.0671875 0.0640625
1 0.61953125 0.625 0.0796875 0.059375
1 0.61484375 0.5953125 0.0765625 0.0375
1 0.75546875 0.65703125 0.0828125 0.0625
1 0.778125 0.6140625 0.0921875 0.065625
1 0.8203125 0.58984375 0.0546875 0.0375
1 0.91875 0.6265625 0.084375 0.0453125
1 0.98515625 0.60859375 0.0296875 0.0640625
1 0.28828125 0.18046875 0.0234375 0.0296875
1 0.221875 0.19765625 0.0296875 0.028125
1 0.20859375 0.1796875 0.0421875 0.025
1 0.1421875 0.1765625 0.0328125 0.0296875
1 0.20390625 0.2796875 0.0234375 0.0390625
1 0.2171875 0.321875 0.021875 0.0359375
1 0.22421875 0.3921875 0.021875 0.04375
1 0.25859375 0.44296875 0.03125 0.05
0 0.2125 0.43828125 0.05625 0.134375
1 0.178125 0.30625 0.0234375 0.034375