0 0.46875 0.87890625 0.175 0.2421875
1 0.5578125 0.884375 0.0640625 0.0875
1 0.84453125 0.73828125 0.09375 0.071875
1 0.378125 0.27109375 0.0328125 0.040625
1 0.575 0.75 0.04375 0.0671875
1 0.615625 0.68515625 0.0875 0.0703125
1 0.6453125 0.6515625 0.06875 0.059375
1 0.525 0.60078125 0.0671875 0.0625
1 0.44921875 0.58515625 0.0734375 0.0671875
1 0.484375 0.55 0.046875 0.05
1 0.43203125 0.46875 0.046875 0.059375
1 0.49296875 0.36796875 0.03125 0.040625
1 0.42734375 0.33125 0.0328125 0.04375
1 0.3171875 0.54375 0.046875 0.0609375
1 0.31953125 0.48828125 0.0453125 0.0671875
1 0.26796875 0.5421875 0.046875 0.0734375
1 0.2171875 0.58125 0.05625 0.096875
1 0.23046875 0.48359375 0.0453125 0.0765625
1 0.38046875 0.203125 0.03125 0.0453125
1 0.33125 0.059375 0.0265625 0.0375
1 0.396875 0.034375 0.021875 0.03125
1 0.36796875 0.00390625 0.0234375 0.0078125
0 0.4625 0.27890625 0.059375 0.0984375
0 0.45625 0.22421875 0.05 0.0890625
0 0.46015625 0.16953125 0.0609375 0.0828125