0 0.31171875 0.475 0.128125 0.1765625
0 0.50390625 0.6625 0.1203125 0.1921875
1 0.43671875 0.69609375 0.0515625 0.06875
1 0.44609375 0.83828125 0.0625 0.084375
1 0.50703125 0.95078125 0.071875 0.0953125
1 0.2546875 0.68359375 0.0578125 0.0953125
1 0.384375 0.3578125 0.0296875 0.0390625
1 0.39375 0.7328125 0.05625 0.0828125
1 0.321875 0.6109375 0.0515625 0.0828125
1 0.26796875 0.57265625 0.0421875 0.065625
1 0.20546875 0.61015625 0.05625 0.08125
1 0.2890625 0.2984375 0.03125 0.05
1 0.32421875 0.203125 0.0328125 0.05
1 0.37734375 0.25546875 0.028125 0.0375
1 0.37265625 0.2171875 0.0265625 0.040625
1 0.4046875 0.18203125 0.028125 0.0328125
1 0.40234375 0.1625 0.0203125 0.025
1 0.37890625 0.184375 0.0234375 0.0265625
1 0.3734375 0.1625 0.0296875 0.0296875
0 0.3953125 0.0234375 0.04375 0.046875