1 0.3578125 0.903125 0.04296875 0.109375
1 0.34921875 0.178125 0.021875 0.02890625
1 0.5984375 0.88203125 0.053125 0.078125
1 0.36171875 0.415625 0.028125 0.040625
1 0.41328125 0.4625 0.028125 0.04453125
1 0.4546875 0.36953125 0.02890625 0.0390625
1 0.6328125 0.9671875 0.05625 0.0625
1 0.5421875 0.90234375 0.0484375 0.0875
1 0.61875 0.775 0.04921875 0.08359375
1 0.47734375 0.41953125 0.0296875 0.04453125
1 0.4875 0.54453125 0.04296875 0.046875
1 0.6375 0.71484375 0.05234375 0.07109375
1 0.4875 0.6 0.065625 0.0640625
1 0.73515625 0.69140625 0.059375 0.053125
1 0.6078125 0.61328125 0.0734375 0.0375
1 0.8375 0.63046875 0.0703125 0.04140625
1 0.98046875 0.67421875 0.0390625 0.0515625
1 0.24609375 0.61640625 0.0296875 0.0609375
1 0.24375 0.54921875 0.03359375 0.059375
1 0.27578125 0.52578125 0.021875 0.05390625
1 0.2984375 0.56015625 0.0359375 0.0765625
1 0.3 0.609375 0.0296875 0.0515625
1 0.34453125 0.58828125 0.03125 0.059375
1 0.33671875 0.540625 0.028125 0.0390625
1 0.325 0.50234375 0.03359375 0.05390625
1 0.328125 0.30546875 0.02421875 0.0359375
1 0.35234375 0.27421875 0.0203125 0.04296875
1 0.31953125 0.2703125 0.0234375 0.0375
1 0.2859375 0.084375 0.01328125 0.03046875
1 0.22734375 0.103125 0.0140625 0.028125
1 0.234375 0.0234375 0.00859375 0.021875