1 0.44921875 0.8796875 0.034375 0.05
1 0.6421875 0.88203125 0.040625 0.053125
1 0.578125 0.85078125 0.0375 0.0453125
1 0.5921875 0.80625 0.0390625 0.0484375
1 0.48359375 0.75703125 0.021875 0.03125
1 0.54140625 0.74453125 0.0296875 0.034375
1 0.5296875 0.7234375 0.025 0.0359375
1 0.49296875 0.715625 0.0234375 0.0328125
1 0.4421875 0.6875 0.0265625 0.0328125
1 0.49375 0.66640625 0.0203125 0.028125
1 0.43046875 0.6609375 0.0265625 0.0296875
1 0.39296875 0.56875 0.0171875 0.0328125
1 0.35546875 0.52109375 0.0171875 0.025
1 0.3375 0.503125 0.0140625 0.028125
1 0.49375 0.9890625 0.03125 0.021875
1 0.45390625 0.6171875 0.0265625 0.0359375
1 0.44140625 0.64296875 0.0171875 0.03125
0 0.46953125 0.671875 0.046875 0.075