1 0.49296875 0.54296875 0.04375 0.0546875
1 0.35859375 0.425 0.03125 0.0453125
1 0.57109375 0.90703125 0.0578125 0.0921875
1 0.45078125 0.46328125 0.03125 0.0453125
1 0.3875 0.36640625 0.0296875 0.040625
1 0.575 0.6046875 0.0796875 0.059375
1 0.4296875 0.34375 0.028125 0.040625
1 0.6484375 0.77734375 0.05625 0.0765625
1 0.71015625 0.903125 0.053125 0.08125
1 0.240625 0.0953125 0.0171875 0.0265625
1 0.65703125 0.95 0.0640625 0.0796875
1 0.63671875 0.865625 0.05625 0.09375
1 0.825 0.62421875 0.08125 0.0484375
1 0.54453125 0.69140625 0.075 0.0515625
1 0.41875 0.5640625 0.0515625 0.05625
1 0.34140625 0.60234375 0.0421875 0.0640625
1 0.34140625 0.553125 0.046875 0.0625
1 0.32421875 0.515625 0.0390625 0.046875
1 0.3140625 0.4796875 0.034375 0.0578125
1 0.2859375 0.39140625 0.028125 0.0546875
1 0.31796875 0.3359375 0.01875 0.034375
1 0.29453125 0.61171875 0.0375 0.0578125
1 0.290625 0.55859375 0.028125 0.053125
1 0.27890625 0.5171875 0.03125 0.0484375
1 0.2640625 0.4703125 0.025 0.0515625
1 0.23828125 0.5640625 0.0328125 0.053125
1 0.29453125 0.26640625 0.0203125 0.0421875
1 0.2734375 0.215625 0.0140625 0.0265625
1 0.3328125 0.27734375 0.025 0.0453125
1 0.32421875 0.2546875 0.0234375 0.0296875
1 0.31015625 0.23125 0.0234375 0.028125
1 0.3015625 0.21953125 0.021875 0.025