1 0.51484375 0.8796875 0.0625 0.0828125
1 0.42890625 0.25859375 0.0265625 0.0375
1 0.51171875 0.52890625 0.04375 0.0546875
1 0.38984375 0.4015625 0.0375 0.046875
1 0.534375 0.96953125 0.071875 0.0609375
1 0.45546875 0.878125 0.059375 0.0828125
1 0.45625 0.95546875 0.065625 0.0890625
0 0.2515625 0.45859375 0.10625 0.165625
1 0.2734375 0.5546875 0.0390625 0.0671875
1 0.325 0.5515625 0.0421875 0.0703125
1 0.32421875 0.4984375 0.040625 0.0515625
1 0.3296875 0.4515625 0.046875 0.0546875
1 0.325 0.3890625 0.0421875 0.046875
1 0.28984375 0.32734375 0.0328125 0.04375
1 0.24453125 0.3703125 0.0359375 0.04375
1 0.3203125 0.3 0.0328125 0.0453125
1 0.4453125 0.3421875 0.03125 0.05
1 0.4796875 0.340625 0.03125 0.04375
1 0.52421875 0.6015625 0.06875 0.0640625
1 0.29296875 0.20390625 0.0265625 0.0390625
1 0.31640625 0.16875 0.0265625 0.0421875
1 0.36796875 0.18828125 0.028125 0.0375
1 0.36015625 0.16640625 0.028125 0.0328125
1 0.396875 0.103125 0.01875 0.025
1 0.3859375 0.175 0.0171875 0.0234375
1 0.41640625 0.19609375 0.0265625 0.03125
1 0.403125 0.1453125 0.0296875 0.0265625
1 0.36953125 0.0796875 0.0203125 0.03125
1 0.371875 0.0171875 0.021875 0.0234375