1 0.36640625 0.39609375 0.0359375 0.04375
1 0.4609375 0.91796875 0.0703125 0.121875
1 0.328125 0.6984375 0.04375 0.075
1 0.3703125 0.8734375 0.0578125 0.1046875
1 0.73984375 0.63046875 0.0796875 0.0671875
1 0.45703125 0.48515625 0.0421875 0.065625
1 0.35 0.61875 0.046875 0.078125
1 0.30546875 0.5015625 0.04375 0.0703125
1 0.27109375 0.4578125 0.0328125 0.0578125
1 0.24921875 0.35859375 0.03125 0.05
1 0.234375 0.3328125 0.0296875 0.04375
1 0.19296875 0.2296875 0.028125 0.0390625
1 0.165625 0.18203125 0.0171875 0.03125
1 0.23515625 0.17578125 0.0234375 0.0359375
1 0.15859375 0.15078125 0.0171875 0.0328125
1 0.26484375 0.2828125 0.028125 0.0375
1 0.246875 0.2609375 0.0234375 0.0390625
1 0.34140625 0.97109375 0.0484375 0.0578125
1 0.2234375 0.56796875 0.0515625 0.096875
1 0.2125 0.2875 0.0265625 0.0390625
1 0.26640625 0.23828125 0.0203125 0.0265625
0 0.3234375 0.3265625 0.0703125 0.1140625
0 0.29609375 0.265625 0.0515625 0.0921875
0 0.19609375 0.3234375 0.0546875 0.1109375
1 0.13359375 0.090625 0.0203125 0.03125