0 0.38515625 0.2453125 0.0453125 0.0921875
1 0.39296875 0.3328125 0.0296875 0.0359375
1 0.73828125 0.66015625 0.0859375 0.075
1 0.2875 0.93046875 0.0515625 0.134375
1 0.29765625 0.6453125 0.0359375 0.06875
1 0.33046875 0.546875 0.0328125 0.0609375
1 0.2515625 0.6796875 0.0359375 0.0625
1 0.25 0.62421875 0.0375 0.0546875
1 0.253125 0.6359375 0.003125 0.0015625
1 0.265625 0.4125 0.025 0.05625
1 0.20625 0.390625 0.03125 0.0546875
0 0.18203125 0.1703125 0.0484375 0.0875
1 0.31953125 0.21484375 0.0265625 0.0515625
1 0.28515625 0.2265625 0.025 0.040625
1 0.2671875 0.1890625 0.0296875 0.025
1 0.21875 0.1671875 0.03125 0.0296875
1 0.2328125 0.06484375 0.0140625 0.028125