0 0.3921875 0.446875 0.0796875 0.2015625
0 0.69453125 0.87734375 0.1703125 0.2453125
1 0.37578125 0.31171875 0.0359375 0.0609375
1 0.334375 0.36875 0.034375 0.065625
1 0.328125 0.23671875 0.0328125 0.053125
1 0.33046875 0.29453125 0.034375 0.0625
1 0.57109375 0.81015625 0.0625 0.1
1 0.4984375 0.7328125 0.053125 0.09375
1 0.5484375 0.68984375 0.0546875 0.09375
1 0.5265625 0.5515625 0.046875 0.078125
1 0.615625 0.6703125 0.053125 0.0875
1 0.6234375 0.765625 0.05625 0.09375
1 0.70703125 0.77734375 0.0671875 0.09375
1 0.58828125 0.56171875 0.046875 0.078125
1 0.365625 0.22578125 0.028125 0.04375
1 0.35703125 0.18515625 0.0265625 0.05
1 0.29375 0.32421875 0.0296875 0.0609375
1 0.48515625 0.634375 0.059375 0.0921875