1 0.3546875 0.40546875 0.0328125 0.0421875
1 0.37734375 0.29453125 0.028125 0.0375
1 0.409375 0.375 0.028125 0.040625
1 0.48984375 0.46328125 0.0375 0.046875
1 0.22734375 0.70390625 0.0421875 0.0796875
1 0.521875 0.58671875 0.065625 0.0578125
1 0.3296875 0.60078125 0.0421875 0.075
1 0.27421875 0.58125 0.0390625 0.065625
1 0.2578125 0.46640625 0.0296875 0.0625
1 0.3078125 0.4953125 0.0453125 0.1125
1 0.3109375 0.2640625 0.025 0.04375
1 0.29140625 0.19765625 0.01875 0.0328125
1 0.3546875 0.2203125 0.0265625 0.0375
1 0.3296875 0.17109375 0.021875 0.0296875
1 0.271875 0.09140625 0.0140625 0.025
1 0.22578125 0.0890625 0.0203125 0.0265625
1 0.69765625 0.98671875 0.0484375 0.0265625
1 0.628125 0.9828125 0.05 0.034375
1 0.6 0.903125 0.05625 0.078125
1 0.6171875 0.7875 0.0546875 0.06875
1 0.64453125 0.87578125 0.0578125 0.08125
1 0.6375 0.7109375 0.053125 0.065625
1 0.51953125 0.54140625 0.0375 0.0453125
1 0.72265625 0.675 0.08125 0.059375
1 0.67265625 0.621875 0.075 0.059375
1 0.95859375 0.60234375 0.06875 0.0578125
1 0.92890625 0.66171875 0.08125 0.0640625
1 0.80546875 0.64140625 0.0640625 0.0609375
1 0.43359375 0.31640625 0.03125 0.040625
1 0.2015625 0.090625 0.0171875 0.025
1 0.21328125 0.03359375 0.0171875 0.0265625
1 0.1984375 0.05546875 0.0171875 0.025
2 0.31171875 0.1109375 0.028125 0.04375
0 0.565625 0.94609375 0.1 0.1078125
1 0.2265625 0.57890625 0.04375 0.06875