1 0.2390625 0.5328125 0.0453125 0.0703125
1 0.38203125 0.3640625 0.034375 0.0453125
1 0.27578125 0.540625 0.0453125 0.071875
1 0.45078125 0.47109375 0.046875 0.0578125
1 0.39609375 0.44921875 0.0421875 0.0578125
1 0.51796875 0.98046875 0.0546875 0.0390625
1 0.57265625 0.90625 0.0734375 0.0921875
1 0.45703125 0.96953125 0.0578125 0.0609375
1 0.39140625 0.9640625 0.05625 0.05625
1 0.39765625 0.8875 0.0625 0.0875
1 0.4515625 0.875 0.0578125 0.071875
1 0.921875 0.7671875 0.071875 0.0828125
1 0.85 0.7625 0.0890625 0.075
1 0.80625 0.69765625 0.0796875 0.05625
1 0.64765625 0.659375 0.0984375 0.0734375
1 0.50625 0.63828125 0.0703125 0.0671875
1 0.5203125 0.5828125 0.078125 0.065625
1 0.3265625 0.528125 0.075 0.125
1 0.4859375 0.3609375 0.034375 0.0390625
1 0.45 0.38046875 0.03125 0.0453125
1 0.415625 0.3109375 0.03125 0.0421875
1 0.45 0.18125 0.0265625 0.0359375
1 0.35 0.1203125 0.0296875 0.0375
1 0.3328125 0.09921875 0.03125 0.03125
0 0.25234375 0.33671875 0.0828125 0.16875
0 0.265625 0.23046875 0.0546875 0.075
1 0.51640625 0.875 0.078125 0.134375