1 0.55390625 0.596875 0.0609375 0.05
1 0.371875 0.83125 0.0515625 0.0875
1 0.4703125 0.52890625 0.0421875 0.05546875
1 0.478125 0.90546875 0.05 0.08359375
1 0.5828125 0.878125 0.04296875 0.07890625
1 0.36875 0.33359375 0.02578125 0.0390625
1 0.52734375 0.8765625 0.0484375 0.078125
0 0.3140625 0.56640625 0.09140625 0.15546875
0 0.28515625 0.45234375 0.121875 0.1625
0 0.2359375 0.590625 0.04375 0.11640625
0 0.2375 0.32890625 0.065625 0.11953125
0 0.2109375 0.25703125 0.04296875 0.10859375
0 0.20390625 0.17421875 0.0265625 0.06796875
1 0.6296875 0.9828125 0.04453125 0.034375
1 0.703125 0.975 0.046875 0.05
1 0.6546875 0.89921875 0.04296875 0.084375
1 0.6484375 0.8265625 0.0421875 0.0609375
1 0.628125 0.77734375 0.0390625 0.065625
1 0.6203125 0.72265625 0.040625 0.040625
1 0.7078125 0.6828125 0.08359375 0.07890625
1 0.76796875 0.62734375 0.071875 0.0484375
1 0.86328125 0.67734375 0.078125 0.05703125
1 0.96171875 0.67578125 0.0765625 0.0515625
1 0.89375 0.653125 0.08203125 0.04453125
1 0.28515625 0.36875 0.0359375 0.04296875
1 0.290625 0.40625 0.02578125 0.03203125
1 0.24296875 0.1796875 0.028125 0.034375
1 0.2125 0.1265625 0.0421875 0.0359375
1 0.246875 0.75 0.03671875 0.06640625
1 0.240625 0.6828125 0.0296875 0.059375