1 0.13984375 0.8359375 0.05234375 0.1109375
1 0.11015625 0.23125 0.02890625 0.03671875
1 0.20234375 0.56171875 0.04140625 0.06484375
1 0.140625 0.4015625 0.03515625 0.05390625
1 0.0328125 0.459375 0.0359375 0.07109375
1 0.38125 0.90078125 0.06328125 0.11796875
1 0.10078125 0.68125 0.04921875 0.10390625
1 0.08984375 0.40390625 0.05390625 0.0546875
1 0.02265625 0.3859375 0.02890625 0.05859375
1 0.0109375 0.11796875 0.021875 0.0546875
1 0.0046875 0.303125 0.00859375 0.03984375
0 0.0390625 0.0359375 0.03828125 0.07109375
1 0.01484375 0.0609375 0.01796875 0.02890625