1 0.59375 0.86796875 0.04765625 0.075
1 0.38046875 0.27890625 0.0203125 0.03359375
1 0.5171875 0.52578125 0.034375 0.0484375
1 0.371875 0.4265625 0.0296875 0.04140625
1 0.634375 0.9625 0.05859375 0.071875
1 0.53515625 0.87890625 0.0453125 0.075
1 0.553125 0.95703125 0.05 0.08359375
0 0.2484375 0.5109375 0.07578125 0.153125
1 0.28984375 0.60078125 0.0265625 0.0625
1 0.33984375 0.58671875 0.0296875 0.065625
1 0.328125 0.53515625 0.03125 0.04609375
1 0.3234375 0.48828125 0.03828125 0.0484375
1 0.30546875 0.428125 0.034375 0.04140625
1 0.25859375 0.375 0.025 0.0390625
1 0.2234375 0.4265625 0.02890625 0.0390625
1 0.2828125 0.34140625 0.02421875 0.04140625
1 0.4140625 0.35703125 0.02265625 0.046875
1 0.446875 0.3484375 0.02421875 0.0390625
1 0.54453125 0.59453125 0.059375 0.053125
1 0.2359375 0.253125 0.01953125 0.0359375
1 0.2515625 0.2140625 0.01953125 0.0390625
1 0.30625 0.22265625 0.02109375 0.034375
1 0.29375 0.203125 0.0234375 0.028125
1 0.31640625 0.13359375 0.0140625 0.021875
1 0.32109375 0.20546875 0.0125 0.021875
1 0.35546875 0.2203125 0.021875 0.0265625
1 0.33125 0.1734375 0.02578125 0.021875
1 0.28515625 0.115625 0.0140625 0.02890625
1 0.27421875 0.0546875 0.0171875 0.02109375