0 0.36171875 0.31796875 0.05859375 0.1515625
0 0.73203125 0.89609375 0.12734375 0.20625
1 0.64921875 0.7546875 0.05390625 0.090625
1 0.50625 0.66953125 0.05078125 0.08828125
1 0.73046875 0.75703125 0.06015625 0.0859375
1 0.63359375 0.66484375 0.05078125 0.08359375
1 0.60078125 0.584375 0.04453125 0.07578125
1 0.8484375 0.3984375 0.071875 0.04921875
1 0.92578125 0.39453125 0.0421875 0.0421875
1 0.565625 0.70078125 0.04453125 0.08828125
1 0.546875 0.59921875 0.0421875 0.0765625
1 0.33046875 0.18671875 0.0203125 0.0453125
1 0.33984375 0.22265625 0.021875 0.04609375
1 0.3046875 0.24453125 0.02578125 0.03671875
1 0.3046875 0.28671875 0.02734375 0.03828125
1 0.31875 0.33203125 0.0234375 0.05
1 0.28203125 0.3546875 0.034375 0.05859375