1 0.65859375 0.70703125 0.059375 0.0640625
1 0.28359375 0.353125 0.0234375 0.040625
1 0.41796875 0.3484375 0.034375 0.034375
1 0.7921875 0.6734375 0.08125 0.0546875
1 0.50859375 0.6546875 0.0375 0.0625
1 0.98046875 0.65625 0.0390625 0.075
1 0.25 0.7453125 0.04375 0.0921875
1 0.24375 0.646875 0.0421875 0.0765625
1 0.24296875 0.59765625 0.01875 0.025
1 0.22578125 0.5578125 0.0234375 0.0578125
1 0.25 0.3921875 0.0265625 0.0421875
1 0.2421875 0.3203125 0.0265625 0.04375
1 0.296875 0.2359375 0.0203125 0.0375
0 0.39140625 0.23828125 0.0265625 0.059375
0 0.34765625 0.2703125 0.025 0.0640625
0 0.1828125 0.1421875 0.0515625 0.0640625
1 0.2203125 0.15859375 0.021875 0.021875
1 0.24375 0.14765625 0.0203125 0.025
1 0.2734375 0.184375 0.021875 0.025
1 0.2859375 0.16171875 0.0234375 0.0328125
1 0.31328125 0.19921875 0.0234375 0.021875
1 0.32734375 0.22890625 0.0125 0.0296875
1 0.221875 0.2203125 0.021875 0.034375
1 0.2234375 0.1890625 0.0234375 0.028125
1 0.19375 0.22421875 0.0125 0.0296875