1 0.3515625 0.83671875 0.05 0.09375
1 0.44921875 0.56015625 0.0375 0.0515625
1 0.64375 0.82265625 0.0546875 0.0796875
1 0.31171875 0.67265625 0.0453125 0.0796875
1 0.7703125 0.65234375 0.0609375 0.0609375
1 0.571875 0.84140625 0.0515625 0.0828125
1 0.2796875 0.5328125 0.0390625 0.0640625
1 0.3796875 0.7015625 0.0484375 0.08125
1 0.49921875 0.57109375 0.0390625 0.0546875
1 0.534375 0.73046875 0.046875 0.071875
1 0.45546875 0.965625 0.0578125 0.06875
1 0.53125 0.640625 0.0515625 0.0671875
1 0.446875 0.39453125 0.034375 0.0375
1 0.50078125 0.509375 0.0296875 0.0484375
1 0.4296875 0.365625 0.03125 0.0453125
1 0.290625 0.2265625 0.028125 0.0203125
1 0.27578125 0.2609375 0.025 0.03125
1 0.2640625 0.234375 0.0203125 0.028125