0 0.27890625 0.64296875 0.18125 0.271875
1 0.06171875 0.60546875 0.0765625 0.1171875
1 0.365625 0.8734375 0.0984375 0.1296875
1 0.18984375 0.13984375 0.0484375 0.0484375
1 0.35 0.7515625 0.0765625 0.09375
1 0.2609375 0.30390625 0.0484375 0.0578125
1 0.2546875 0.50390625 0.0515625 0.0640625
1 0.240625 0.428125 0.0515625 0.0734375
1 0.23203125 0.365625 0.0484375 0.059375
1 0.18203125 0.37578125 0.046875 0.053125
0 0.19921875 0.45703125 0.0828125 0.128125
1 0.27890625 0.18828125 0.0609375 0.0515625
1 0.1140625 0.0328125 0.0203125 0.034375
1 0.13203125 0.00703125 0.0265625 0.0140625
1 0.07890625 0.1546875 0.0171875 0.0390625