0 0.4046875 0.27890625 0.0328125 0.10859375
1 0.41484375 0.503125 0.0359375 0.0515625
1 0.4171875 0.365625 0.03046875 0.0390625
1 0.490625 0.44609375 0.03359375 0.04453125
1 0.2921875 0.5890625 0.03671875 0.06953125
1 0.3359375 0.5671875 0.0359375 0.065625
1 0.96484375 0.61875 0.0703125 0.0484375
1 0.8875 0.64296875 0.08203125 0.046875
2 0.8625 0.671875 0.07421875 0.0515625
1 0.36640625 0.32421875 0.01875 0.0375
1 0.33203125 0.2140625 0.0171875 0.028125
0 0.225 0.41484375 0.05234375 0.15703125
1 0.2640625 0.903125 0.05234375 0.1375