0 0.571875 0.9109375 0.10703125 0.175
1 0.3078125 0.71484375 0.04296875 0.07890625
1 0.51328125 0.7625 0.040625 0.06640625
1 0.2703125 0.96328125 0.04921875 0.07109375
1 0.53046875 0.66640625 0.0390625 0.05859375
1 0.36328125 0.74375 0.0390625 0.0765625
1 0.46953125 0.4109375 0.03125 0.04140625
1 0.4453125 0.715625 0.04296875 0.0640625
0 0.31796875 0.471875 0.0703125 0.1765625
0 0.2546875 0.51640625 0.08046875 0.1359375
0 0.23828125 0.40859375 0.05 0.10546875
1 0.2234375 0.08125 0.01953125 0.02109375
1 0.1984375 0.04296875 0.01484375 0.01953125
1 0.2171875 0.0390625 0.01484375 0.021875