0 0.690625 0.703125 0.0890625 0.1609375
0 0.61015625 0.33359375 0.0390625 0.06875
1 0.52734375 0.60078125 0.0359375 0.059375
1 0.5453125 0.71328125 0.04375 0.0703125
1 0.571875 0.90078125 0.05625 0.1140625
1 0.6421875 0.4453125 0.0328125 0.04375
1 0.7515625 0.721875 0.0453125 0.0703125
1 0.5234375 0.51875 0.0328125 0.053125
1 0.70859375 0.6171875 0.0421875 0.0625
1 0.8375 0.85 0.0546875 0.078125
1 0.60546875 0.609375 0.034375 0.0546875
1 0.64765625 0.57734375 0.0359375 0.0625
1 0.675 0.54140625 0.0421875 0.0703125
1 0.60703125 0.56953125 0.040625 0.03125
1 0.51953125 0.46953125 0.0328125 0.0515625
1 0.50078125 0.36484375 0.021875 0.046875
1 0.49921875 0.33203125 0.0265625 0.0375
1 0.4984375 0.3 0.025 0.0296875
1 0.4953125 0.28125 0.01875 0.0296875
1 0.4984375 0.2609375 0.0171875 0.021875
1 0.49453125 0.2421875 0.0234375 0.025
1 0.49140625 0.17421875 0.0140625 0.0203125
1 0.49375 0.1515625 0.0171875 0.0328125
1 0.48984375 0.14765625 0.0015625 0.0015625
1 0.4890625 0.10703125 0.0203125 0.03125
0 0.46953125 0.4203125 0.0453125 0.1109375
0 0.46328125 0.28203125 0.0421875 0.0984375