0 0.56328125 0.88359375 0.10703125 0.23125
1 0.45234375 0.4640625 0.0328125 0.0453125
1 0.309375 0.2609375 0.0203125 0.03203125
1 0.26484375 0.80078125 0.04453125 0.09140625
1 0.3765625 0.28359375 0.02421875 0.03515625
1 0.3140625 0.19765625 0.0203125 0.03203125
1 0.396875 0.2453125 0.0203125 0.03828125
0 0.259375 0.56484375 0.1015625 0.21953125
1 0.26875 0.48515625 0.02421875 0.0515625
1 0.33125 0.5703125 0.0328125 0.084375
1 0.3234375 0.51640625 0.0265625 0.05390625
1 0.31171875 0.484375 0.0234375 0.05
1 0.37421875 0.46796875 0.0296875 0.05703125
1 0.53515625 0.5921875 0.065625 0.05703125
1 0.97109375 0.646875 0.05546875 0.07109375
0 0.1921875 0.08203125 0.02578125 0.07109375
1 0.21875 0.1015625 0.01875 0.0265625
1 0.21484375 0.07265625 0.01640625 0.0234375
1 0.2109375 0.04921875 0.01328125 0.0234375
1 0.34453125 0.16171875 0.021875 0.0359375
1 0.4921875 0.4375 0.03125 0.0515625
1 0.6421875 0.95 0.0515625 0.0875
1 0.6140625 0.86796875 0.05 0.08203125