0 0.50078125 0.51328125 0.0875 0.1515625
1 0.5421875 0.725 0.0484375 0.071875
1 0.64140625 0.82265625 0.059375 0.078125
1 0.3890625 0.72109375 0.053125 0.0828125
1 0.5796875 0.8328125 0.059375 0.0875
0 0.22265625 0.44609375 0.1015625 0.1515625
0 0.17890625 0.3390625 0.0453125 0.09375
1 0.33515625 0.94296875 0.0640625 0.1140625
1 0.35703125 0.8171875 0.0515625 0.0875
1 0.334375 0.72265625 0.0421875 0.08125
1 0.27265625 0.7109375 0.0359375 0.0625
1 0.25859375 0.65 0.0359375 0.0609375
1 0.31015625 0.621875 0.05 0.0828125
1 0.3375 0.55546875 0.0390625 0.0609375
1 0.45078125 0.55546875 0.04375 0.0609375
1 0.40390625 0.56328125 0.0390625 0.053125
1 0.309375 0.4828125 0.0390625 0.0640625
1 0.24453125 0.32890625 0.028125 0.0453125
1 0.2203125 0.27265625 0.0296875 0.053125
1 0.2 0.2359375 0.0203125 0.0359375
1 0.25625 0.24140625 0.0171875 0.0328125
1 0.28125 0.23671875 0.021875 0.028125
1 0.178125 0.16796875 0.021875 0.025
1 0.1625 0.1390625 0.0203125 0.03125
1 0.15 0.09609375 0.021875 0.0328125
1 0.2203125 0.1109375 0.021875 0.0359375
1 0.16875 0.075 0.0171875 0.0265625