1 0.475 0.5546875 0.05625 0.0609375
1 0.38125 0.84375 0.06875 0.1203125
1 0.43203125 0.3421875 0.028125 0.040625
1 0.56328125 0.9078125 0.0578125 0.09375
1 0.58203125 0.66953125 0.08125 0.06875
1 0.64921875 0.953125 0.0625 0.0796875
1 0.63046875 0.86796875 0.0546875 0.09375
1 0.66171875 0.7 0.053125 0.065625
1 0.29453125 0.6109375 0.0359375 0.040625
1 0.3484375 0.61015625 0.0421875 0.05625
1 0.33203125 0.540625 0.0328125 0.0359375
1 0.32265625 0.50625 0.034375 0.05
1 0.31328125 0.4796875 0.034375 0.053125
1 0.290625 0.40078125 0.0296875 0.0421875
1 0.26171875 0.46796875 0.0265625 0.0484375
1 0.2765625 0.51328125 0.0359375 0.046875
1 0.2890625 0.55859375 0.0375 0.05
1 0.23359375 0.55625 0.0359375 0.053125
1 0.3421875 0.3546875 0.0375 0.04375
1 0.34296875 0.3140625 0.0296875 0.0328125
1 0.36875 0.2734375 0.0203125 0.0359375
1 0.3484375 0.23828125 0.0140625 0.0203125
1 0.3328125 0.2859375 0.0171875 0.0296875
1 0.32578125 0.25546875 0.0203125 0.0234375
1 0.29140625 0.25078125 0.025 0.028125
1 0.3171875 0.23359375 0.0234375 0.0140625
1 0.31171875 0.21875 0.01875 0.0265625
1 0.29765625 0.1671875 0.0234375 0.03125
1 0.28671875 0.225 0.015625 0.025
1 0.28125 0.21328125 0.0171875 0.025
1 0.8234375 0.66171875 0.0921875 0.05625
1 0.82890625 0.6125 0.078125 0.0453125
1 0.696875 0.61015625 0.0921875 0.0609375