0 0.55703125 0.88203125 0.1265625 0.2359375
1 0.64296875 0.8609375 0.0484375 0.0796875
1 0.88984375 0.6546875 0.084375 0.0546875
1 0.3296875 0.30390625 0.025 0.0359375
1 0.6296875 0.7265625 0.03125 0.0625
1 0.6546875 0.65390625 0.078125 0.0546875
1 0.675 0.61484375 0.0609375 0.046875
1 0.546875 0.5921875 0.0578125 0.0515625
1 0.46953125 0.59453125 0.0640625 0.0546875
1 0.49609375 0.55234375 0.0375 0.04375
1 0.4265625 0.484375 0.0359375 0.053125
1 0.46328125 0.37265625 0.0234375 0.0359375
1 0.39140625 0.35234375 0.025 0.0390625
1 0.33125 0.58359375 0.0359375 0.0546875
1 0.32109375 0.52890625 0.0328125 0.0609375
1 0.28359375 0.59296875 0.0328125 0.06875
1 0.24296875 0.6421875 0.0375 0.0921875
1 0.23359375 0.54453125 0.0296875 0.071875
1 0.3171875 0.2375 0.021875 0.040625
1 0.23671875 0.10859375 0.0203125 0.034375
1 0.2953125 0.06953125 0.015625 0.028125
1 0.2578125 0.03671875 0.0171875 0.0265625
1 0.24765625 0.01875 0.0171875 0.0203125
0 0.4140625 0.29296875 0.040625 0.0921875
0 0.3953125 0.24140625 0.03125 0.084375
0 0.38671875 0.18671875 0.0453125 0.075