0 0.38828125 0.45625 0.0625 0.19609375
0 0.728125 0.8703125 0.14921875 0.25703125
1 0.36015625 0.3234375 0.03125 0.05859375
1 0.3234375 0.38359375 0.02890625 0.0640625
1 0.30546875 0.25234375 0.028125 0.05078125
1 0.31328125 0.31015625 0.0296875 0.059375
1 0.59765625 0.803125 0.05390625 0.09609375
1 0.51875 0.73203125 0.04609375 0.090625
1 0.56484375 0.68515625 0.046875 0.090625
1 0.53125 0.54921875 0.03984375 0.07421875
1 0.6296875 0.659375 0.04609375 0.08359375
1 0.64609375 0.75390625 0.0484375 0.090625
1 0.73046875 0.75859375 0.06015625 0.0890625
1 0.59296875 0.55390625 0.03984375 0.075
1 0.3421875 0.23828125 0.02421875 0.0421875
1 0.33046875 0.1984375 0.02265625 0.04765625
1 0.27890625 0.34296875 0.025 0.05859375
1 0.496875 0.63515625 0.05234375 0.0875