0 0.44453125 0.771875 0.0734375 0.121875
0 0.3921875 0.81328125 0.0578125 0.1078125
1 0.40078125 0.93828125 0.0359375 0.0453125
1 0.4578125 0.88203125 0.028125 0.0421875
1 0.371875 0.86796875 0.0296875 0.040625
1 0.3046875 0.9796875 0.034375 0.040625
1 0.34140625 0.94921875 0.0375 0.053125
1 0.2890625 0.9015625 0.0234375 0.053125
1 0.32578125 0.8953125 0.028125 0.0484375
1 0.29921875 0.8171875 0.0328125 0.0484375
1 0.3375 0.69296875 0.0296875 0.0421875
1 0.31484375 0.725 0.021875 0.0359375
1 0.253125 0.7671875 0.0234375 0.0390625
1 0.28515625 0.76953125 0.0234375 0.03125
1 0.27265625 0.740625 0.021875 0.0375
1 0.25234375 0.6890625 0.0171875 0.0375
1 0.26796875 0.72421875 0.0203125 0.0234375
1 0.32265625 0.65625 0.0234375 0.03125
1 0.303125 0.7015625 0.01875 0.028125
1 0.24375 0.65390625 0.0203125 0.03125
1 0.21328125 0.625 0.0203125 0.0359375
1 0.2328125 0.615625 0.0171875 0.0296875
1 0.228125 0.58984375 0.01875 0.0265625
0 0.225 0.7875 0.0453125 0.1359375