1 0.46484375 0.71015625 0.0546875 0.0671875
1 0.2515625 0.25546875 0.025 0.0375
1 0.29921875 0.12421875 0.0203125 0.0265625
1 0.33828125 0.5109375 0.0359375 0.0484375
1 0.5234375 0.97265625 0.059375 0.0546875
1 0.4359375 0.50078125 0.0375 0.05
1 0.4953125 0.8578125 0.0578125 0.075
1 0.26796875 0.5265625 0.0484375 0.06875
1 0.3078125 0.3484375 0.0265625 0.0359375
1 0.29375 0.25859375 0.0234375 0.034375
1 0.328125 0.265625 0.0265625 0.0375
1 0.34375 0.32421875 0.0296875 0.0359375
1 0.31171875 0.315625 0.0234375 0.034375
1 0.30078125 0.29296875 0.021875 0.034375
1 0.65625 0.82265625 0.0828125 0.0703125
1 0.24375 0.1515625 0.0234375 0.0359375
0 0.225 0.05390625 0.0296875 0.059375
1 0.2546875 0.003125 0.01875 0.00625
1 0.353125 0.2640625 0.025 0.034375