1 0.33828125 0.43828125 0.0390625 0.046875
1 0.3375 0.325 0.0328125 0.040625
1 0.38515625 0.396875 0.034375 0.04375
1 0.48203125 0.465625 0.0421875 0.0515625
1 0.27578125 0.75625 0.053125 0.084375
1 0.53984375 0.58046875 0.071875 0.065625
1 0.3546875 0.634375 0.0515625 0.0796875
1 0.29609375 0.6265625 0.0484375 0.0703125
1 0.25625 0.5171875 0.0375 0.0640625
1 0.3109375 0.5359375 0.0609375 0.1171875
1 0.26640625 0.30859375 0.0296875 0.0453125
1 0.23359375 0.24765625 0.0234375 0.0359375
1 0.3 0.25703125 0.03125 0.0390625
1 0.26484375 0.2140625 0.025 0.03125
1 0.1921875 0.1484375 0.0171875 0.0265625
1 0.146875 0.15546875 0.0234375 0.0296875
1 0.79609375 0.9390625 0.0515625 0.0375
1 0.72734375 0.9484375 0.0546875 0.0453125
1 0.68203125 0.8734375 0.065625 0.084375
1 0.675 0.75703125 0.0640625 0.075
1 0.71953125 0.8375 0.0671875 0.0875
1 0.678125 0.678125 0.0609375 0.071875
1 0.528125 0.53671875 0.04375 0.05
1 0.7546875 0.625 0.0875 0.0703125
1 0.69375 0.58359375 0.0828125 0.06875
1 0.965625 0.5046875 0.06875 0.065625
1 0.953125 0.56953125 0.0890625 0.0734375
1 0.828125 0.575 0.071875 0.06875
1 0.396875 0.334375 0.0359375 0.04375
1 0.1234375 0.16171875 0.0203125 0.028125
1 0.121875 0.103125 0.0203125 0.0296875
1 0.1125 0.128125 0.0203125 0.028125
2 0.23515625 0.15859375 0.0328125 0.046875
0 0.6578125 0.925 0.1125 0.121875
1 0.24921875 0.63359375 0.053125 0.0734375