1 0.3984375 0.48203125 0.034375 0.053125
1 0.40546875 0.57890625 0.0421875 0.05625
1 0.57265625 0.98515625 0.0484375 0.0296875
1 0.46875 0.71796875 0.08125 0.06875
1 0.35390625 0.34453125 0.0265625 0.0390625
1 0.5734375 0.71875 0.0828125 0.075
1 0.74453125 0.90390625 0.1109375 0.10625
1 0.2984375 0.37421875 0.0265625 0.040625
0 0.50390625 0.9484375 0.0890625 0.103125
1 0.884375 0.71875 0.11875 0.09375
1 0.2875 0.68046875 0.0359375 0.0703125
1 0.28203125 0.6140625 0.0359375 0.071875
1 0.22734375 0.6359375 0.0421875 0.0921875
1 0.28046875 0.29453125 0.0171875 0.034375
1 0.28359375 0.25390625 0.025 0.0265625