1 0.28828125 0.5765625 0.0328125 0.0640625
1 0.5671875 0.6 0.06328125 0.05
1 0.34921875 0.359375 0.025 0.040625
1 0.4140625 0.36328125 0.02734375 0.040625
1 0.46171875 0.37578125 0.0296875 0.0375
1 0.471875 0.58671875 0.06015625 0.05703125
1 0.48671875 0.53203125 0.040625 0.05
1 0.378125 0.259375 0.02265625 0.02890625
1 0.6578125 0.6515625 0.07578125 0.04453125
1 0.72578125 0.690625 0.065625 0.04140625
1 0.8046875 0.64453125 0.06796875 0.053125
1 0.88984375 0.621875 0.0703125 0.04140625
0 0.21640625 0.3328125 0.0453125 0.115625
1 0.2359375 0.24765625 0.02421875 0.04609375
1 0.21953125 0.1859375 0.028125 0.03046875
1 0.23046875 0.09609375 0.0125 0.01953125
1 0.38828125 0.97109375 0.0359375 0.0578125