1 0.3625 0.86171875 0.028125 0.0375
1 0.4734375 0.93984375 0.0375 0.0625
1 0.2890625 0.971875 0.028125 0.0375
1 0.2671875 0.85703125 0.025 0.0453125
1 0.36640625 0.7640625 0.021875 0.0375
1 0.328125 0.74765625 0.025 0.034375
1 0.30546875 0.765625 0.028125 0.0390625
1 0.29765625 0.73828125 0.025 0.0328125
1 0.27109375 0.6578125 0.021875 0.0328125
1 0.284375 0.6078125 0.0171875 0.028125
1 0.2265625 0.81953125 0.046875 0.0765625
0 0.196875 0.8734375 0.0625 0.1796875
1 0.2625 0.8046875 0.0234375 0.046875
1 0.2484375 0.7421875 0.0234375 0.053125
1 0.22421875 0.77109375 0.0203125 0.0234375
1 0.2359375 0.6984375 0.0171875 0.0328125
1 0.2890625 0.71171875 0.0140625 0.028125
0 0.3171875 0.68671875 0.0421875 0.09375
0 0.38046875 0.696875 0.053125 0.096875
1 0.34296875 0.68359375 0.021875 0.040625
1 0.34453125 0.63671875 0.0171875 0.028125