1 0.2484375 0.73515625 0.0375 0.090625
1 0.3203125 0.1984375 0.0203125 0.03359375
1 0.4703125 0.4109375 0.03125 0.04140625
1 0.46875 0.50703125 0.0359375 0.046875
1 0.4796875 0.903125 0.04765625 0.078125
1 0.409375 0.4390625 0.0296875 0.04453125
1 0.634375 0.96796875 0.0546875 0.0609375
1 0.609375 0.89609375 0.05078125 0.08046875
1 0.28984375 0.59140625 0.0328125 0.06953125
0 0.5453125 0.896875 0.06953125 0.159375
1 0.96875 0.67109375 0.0625 0.05859375
1 0.33828125 0.58828125 0.034375 0.0625
1 0.3328125 0.534375 0.03359375 0.05
1 0.3140625 0.49453125 0.03046875 0.06640625
1 0.215625 0.20625 0.02265625 0.0375