0 0.5125 0.8296875 0.0609375 0.1140625
1 0.5796875 0.903125 0.0328125 0.046875
1 0.46015625 0.9734375 0.0328125 0.053125
1 0.49609375 0.896875 0.0328125 0.05
1 0.53125 0.79453125 0.0265625 0.0359375
1 0.49921875 0.73046875 0.0234375 0.0359375
1 0.44375 0.759375 0.021875 0.0375
1 0.4125 0.79140625 0.0265625 0.046875
1 0.440625 0.89375 0.0265625 0.053125
1 0.40390625 0.92109375 0.03125 0.0671875
1 0.371875 0.771875 0.0203125 0.040625
1 0.38984375 0.71796875 0.01875 0.0328125
1 0.434375 0.65 0.015625 0.028125
1 0.43515625 0.603125 0.015625 0.0296875
1 0.421875 0.63359375 0.0203125 0.0328125
1 0.40703125 0.646875 0.0203125 0.0296875
1 0.39765625 0.62734375 0.0171875 0.0296875
1 0.38203125 0.68984375 0.01875 0.028125
1 0.346875 0.6875 0.0203125 0.0390625
1 0.36796875 0.65390625 0.0171875 0.0328125
1 0.34375 0.65703125 0.0203125 0.0296875
1 0.34921875 0.59609375 0.015625 0.021875
1 0.3734375 0.53515625 0.0171875 0.025
1 0.3453125 0.5625 0.0125 0.0171875
1 0.321875 0.55859375 0.0125 0.0203125
1 0.35703125 0.50078125 0.0140625 0.025
1 0.33828125 0.53828125 0.0125 0.0234375
1 0.321875 0.53828125 0.009375 0.0140625
1 0.328125 0.515625 0.0125 0.015625
1 0.32265625 0.4859375 0.0125 0.025
1 0.34375 0.4546875 0.0109375 0.015625
1 0.33203125 0.45859375 0.0078125 0.0109375