0 0.23671875 0.5296875 0.1078125 0.1625
1 0.6921875 0.734375 0.05625 0.078125
1 0.53515625 0.56875 0.0671875 0.065625
1 0.6296875 0.86171875 0.065625 0.084375
1 0.421875 0.5015625 0.0359375 0.0484375
1 0.58203125 0.8953125 0.0796875 0.1203125
1 0.77578125 0.87578125 0.078125 0.0984375
1 0.73984375 0.92265625 0.0765625 0.0765625
1 0.69375 0.84140625 0.059375 0.08125
1 0.69296875 0.95390625 0.05 0.0375
1 0.965625 0.51171875 0.06875 0.0671875
1 0.35625 0.60078125 0.053125 0.075
1 0.315625 0.63125 0.0453125 0.065625
1 0.30625 0.5828125 0.046875 0.05625
1 0.33671875 0.55 0.0453125 0.0546875
1 0.41015625 0.4203125 0.0296875 0.0421875
1 0.43671875 0.38828125 0.0359375 0.0421875
1 0.3328125 0.37734375 0.0390625 0.0484375
1 0.3546875 0.32421875 0.03125 0.0609375
1 0.303125 0.26484375 0.0390625 0.04375
1 0.2640625 0.259375 0.034375 0.0484375
1 0.23125 0.26015625 0.03125 0.0375
1 0.2359375 0.20859375 0.028125 0.0359375
1 0.1765625 0.24140625 0.0296875 0.040625
1 0.1953125 0.17421875 0.025 0.03125
1 0.19140625 0.134375 0.0234375 0.0296875
1 0.159375 0.1296875 0.0234375 0.03125
1 0.1515625 0.121875 0.0359375 0.034375
1 0.109375 0.11875 0.0265625 0.0375