1 0.4421875 0.6640625 0.065625 0.0671875
1 0.26484375 0.65625 0.053125 0.078125
1 0.303125 0.8515625 0.096875 0.1109375
1 0.4984375 0.765625 0.0859375 0.075
1 0.2171875 0.61875 0.0484375 0.075
1 0.34921875 0.6109375 0.05625 0.06875
1 0.3828125 0.5609375 0.0484375 0.0609375
1 0.65390625 0.771875 0.084375 0.0703125
1 0.775 0.7984375 0.075 0.059375
1 0.853125 0.82578125 0.075 0.0671875
1 0.9015625 0.85546875 0.0640625 0.0828125
1 0.83515625 0.8578125 0.0890625 0.071875
1 0.3546875 0.2703125 0.03125 0.040625
1 0.32109375 0.25390625 0.03125 0.040625
1 0.2890625 0.19375 0.034375 0.034375
1 0.328125 0.13828125 0.0203125 0.0265625
1 0.30625 0.06640625 0.0203125 0.0265625
1 0.29921875 0.034375 0.0203125 0.0234375
0 0.315625 0.021875 0.03125 0.04375
1 0.29609375 0.01171875 0.0125 0.0171875