0 0.2515625 0.15 0.02734375 0.05546875
1 0.4859375 0.68203125 0.0640625 0.059375
1 0.3078125 0.69921875 0.03671875 0.06796875
1 0.50703125 0.81015625 0.08046875 0.0703125
1 0.30234375 0.2734375 0.0234375 0.0296875
1 0.20859375 0.40078125 0.025 0.0453125
1 0.36796875 0.615625 0.03671875 0.05
1 0.30625 0.34453125 0.02421875 0.034375
1 0.384375 0.4484375 0.03046875 0.04296875
1 0.37578125 0.546875 0.03203125 0.04453125
1 0.646875 0.73515625 0.071875 0.0625
1 0.7734375 0.778125 0.08359375 0.0625
0 0.184375 0.4984375 0.0484375 0.10078125
1 0.21640625 0.1328125 0.01953125 0.02265625
1 0.1984375 0.11015625 0.01171875 0.01875
0 0.19140625 0.0234375 0.01953125 0.03828125
1 0.18984375 0.0921875 0.01015625 0.02265625