1 0.33046875 0.56640625 0.0375 0.0640625
1 0.61328125 0.78984375 0.046875 0.065625
1 0.23828125 0.59140625 0.0375 0.0640625
1 0.3484375 0.890625 0.05 0.1140625
1 0.4578125 0.36953125 0.0265625 0.0375
1 0.48359375 0.92421875 0.0546875 0.0953125
1 0.59375 0.90078125 0.0578125 0.0875
1 0.54140625 0.93359375 0.053125 0.0875
1 0.6765625 0.62734375 0.0578125 0.0484375
1 0.90703125 0.6703125 0.0796875 0.0265625
1 0.909375 0.7015625 0.0703125 0.04375
1 0.97421875 0.68828125 0.0421875 0.0875
1 0.94375 0.61796875 0.1078125 0.0875
1 0.59296875 0.65 0.078125 0.0546875
1 0.4609375 0.59765625 0.0640625 0.0640625
1 0.4921875 0.56875 0.0328125 0.0546875
1 0.50078125 0.47421875 0.03125 0.04375
1 0.48828125 0.4265625 0.03125 0.053125
1 0.30078125 0.06796875 0.01875 0.025
1 0.275 0.06015625 0.0296875 0.0296875
1 0.25546875 0.01953125 0.015625 0.025