1 0.66875 0.68671875 0.0609375 0.071875
1 0.26328125 0.74375 0.046875 0.0828125
1 0.4375 0.58046875 0.053125 0.05625
1 0.28984375 0.6171875 0.0359375 0.0671875
1 0.34921875 0.625 0.04375 0.0640625
1 0.4484375 0.5265625 0.0484375 0.0515625
1 0.484375 0.46875 0.0359375 0.0453125
1 0.55 0.5765625 0.0625 0.0625
1 0.5953125 0.6203125 0.075 0.0671875
1 0.75 0.6375 0.0890625 0.0671875
1 0.80078125 0.57578125 0.08125 0.0546875
1 0.94453125 0.534375 0.0671875 0.059375
1 0.990625 0.5453125 0.01875 0.065625
1 0.95078125 0.59453125 0.08125 0.0640625
1 0.7078125 0.84140625 0.0671875 0.0875
1 0.66328125 0.8828125 0.059375 0.0765625
1 0.7015625 0.959375 0.04375 0.04375
0 0.63515625 0.93359375 0.1015625 0.1171875
2 0.42734375 0.43203125 0.05625 0.08125
1 0.40546875 0.33046875 0.0265625 0.034375
1 0.30546875 0.3625 0.0375 0.0484375
1 0.309375 0.52109375 0.0578125 0.115625
1 0.3234375 0.2546875 0.0203125 0.034375
1 0.26328125 0.25859375 0.01875 0.0359375
1 0.228125 0.14453125 0.025 0.03125
1 0.20625 0.11171875 0.0171875 0.021875
1 0.1640625 0.13359375 0.0203125 0.0234375
1 0.1359375 0.11875 0.0125 0.0234375
0 0.17265625 0.2265625 0.053125 0.1015625