0 0.2296875 0.15703125 0.103125 0.084375
1 0.5015625 0.56796875 0.040625 0.0578125
1 0.34375 0.5828125 0.040625 0.065625
1 0.453125 0.38828125 0.034375 0.04375
1 0.25546875 0.7 0.046875 0.0796875
1 0.44375 0.64921875 0.0421875 0.059375
1 0.27890625 0.51796875 0.0375 0.0671875
1 0.340625 0.7390625 0.05 0.0828125
1 0.95625 0.634375 0.0875 0.075
1 0.35703125 0.296875 0.0203125 0.0359375
1 0.3125 0.24296875 0.01875 0.025
1 0.29609375 0.20703125 0.0171875 0.021875
1 0.290625 0.26953125 0.025 0.0359375
1 0.275 0.2328125 0.025 0.0234375
1 0.265625 0.20703125 0.0203125 0.0234375
1 0.21640625 0.2 0.0453125 0.0375
0 0.37890625 0.2625 0.0390625 0.084375