1 0.5890625 0.66484375 0.06796875 0.06328125
1 0.4484375 0.58203125 0.0609375 0.06171875
1 0.35703125 0.24453125 0.02421875 0.0359375
1 0.44375 0.45703125 0.03359375 0.04609375
1 0.3609375 0.446875 0.03046875 0.04609375
1 0.31015625 0.2796875 0.0234375 0.03515625
1 0.27890625 0.18984375 0.01953125 0.0296875
1 0.23515625 0.71328125 0.03828125 0.07890625
1 0.64921875 0.70625 0.06328125 0.06640625
1 0.4921875 0.47421875 0.03671875 0.04921875
1 0.425 0.31953125 0.02890625 0.03671875
1 0.33125 0.6078125 0.03671875 0.07578125
1 0.2765625 0.590625 0.034375 0.059375
1 0.28671875 0.41796875 0.02265625 0.05
1 0.21875 0.15078125 0.03125 0.03203125
1 0.3046875 0.48671875 0.0453125 0.10859375
1 0.2125 0.1015625 0.0140625 0.025
0 0.57890625 0.95078125 0.09375 0.09765625
1 0.6421875 0.98203125 0.0390625 0.0359375
1 0.6140625 0.896875 0.0546875 0.084375
1 0.72578125 0.6671875 0.07265625 0.05703125
1 0.70859375 0.6140625 0.07890625 0.05
2 0.55859375 0.578125 0.10390625 0.0875
1 0.7890625 0.6359375 0.07265625 0.059375
1 0.9203125 0.64453125 0.08515625 0.059375
1 0.8390625 0.6046875 0.06640625 0.04765625
1 0.340625 0.20390625 0.02734375 0.02890625
1 0.18125 0.0234375 0.01328125 0.0328125
1 0.98046875 0.61640625 0.0390625 0.05