1 0.41953125 0.5109375 0.028125 0.04375
1 0.58515625 0.965625 0.0578125 0.06875
1 0.52421875 0.9859375 0.0421875 0.028125
1 0.3109375 0.696875 0.0375 0.0828125
1 0.25625 0.71484375 0.0375 0.059375
1 0.25234375 0.653125 0.03125 0.0546875
1 0.24375 0.6078125 0.0328125 0.053125
1 0.296875 0.3015625 0.021875 0.034375
1 0.27890625 0.33046875 0.025 0.0328125
1 0.2703125 0.30234375 0.021875 0.0359375
1 0.215625 0.26796875 0.021875 0.0375
1 0.309375 0.26953125 0.0265625 0.034375
1 0.2015625 0.19921875 0.01875 0.0296875
1 0.2546875 0.1921875 0.0203125 0.0296875
1 0.24375 0.17109375 0.015625 0.021875
1 0.1765625 0.21640625 0.0140625 0.028125
1 0.1953125 0.16484375 0.01875 0.0328125
1 0.171875 0.16796875 0.015625 0.0234375
1 0.17265625 0.19765625 0.0203125 0.025