1 0.1890625 0.1609375 0.03515625 0.08046875
1 0.34296875 0.1734375 0.03828125 0.06015625
1 0.246875 0.25546875 0.04140625 0.0953125
1 0.50625 0.64453125 0.06875 0.1234375
1 0.1421875 0.15703125 0.03828125 0.078125
1 0.2859375 0.49140625 0.04375 0.09609375
1 0.42578125 0.4015625 0.0515625 0.08671875
1 0.53984375 0.37265625 0.05234375 0.0765625
1 0.57890625 0.48046875 0.06484375 0.10546875
1 0.47890625 0.23046875 0.04921875 0.0734375
1 0.61484375 0.59140625 0.0625 0.11640625
1 0.41015625 0.1953125 0.03984375 0.0609375
1 0.728125 0.87421875 0.12265625 0.16171875
1 0.1875 0.0109375 0.028125 0.01875