1 0.47265625 0.559375 0.0546875 0.05
1 0.265625 0.040625 0.01484375 0.02109375
1 0.5984375 0.88203125 0.053125 0.078125
1 0.409375 0.459375 0.034375 0.04296875
1 0.5421875 0.90234375 0.0484375 0.0875
1 0.47734375 0.41875 0.0296875 0.04296875
1 0.6375 0.71484375 0.05234375 0.07109375
0 0.5859375 0.9828125 0.07890625 0.034375
1 0.98203125 0.67734375 0.0359375 0.0484375
1 0.628125 0.959375 0.05390625 0.08046875
1 0.6171875 0.77734375 0.04375 0.07890625
1 0.7359375 0.69140625 0.0734375 0.06640625
1 0.7109375 0.6328125 0.05703125 0.04609375
1 0.3453125 0.59140625 0.02890625 0.05
1 0.3375 0.54375 0.02890625 0.05390625
1 0.325 0.5 0.02578125 0.05546875
1 0.2984375 0.61015625 0.03671875 0.0625
1 0.246875 0.62578125 0.03046875 0.059375
1 0.24609375 0.56015625 0.025 0.07109375
1 0.27890625 0.52890625 0.0234375 0.05859375
1 0.2984375 0.559375 0.040625 0.0609375
1 0.40546875 0.334375 0.025 0.040625
1 0.4546875 0.3703125 0.0234375 0.034375
1 0.353125 0.30546875 0.0203125 0.0390625
1 0.3734375 0.2671875 0.02109375 0.03203125
1 0.31171875 0.25390625 0.0171875 0.028125
1 0.325 0.20703125 0.01953125 0.028125
1 0.315625 0.165625 0.02265625 0.025
1 0.3 0.2171875 0.01640625 0.0265625
1 0.29453125 0.20078125 0.0203125 0.0234375
1 0.22421875 0.11640625 0.0203125 0.028125