0 0.82734375 0.7515625 0.05859375 0.115625
1 0.6625 0.74609375 0.0390625 0.06015625
1 0.4984375 0.396875 0.02734375 0.05703125
1 0.625 0.6140625 0.0390625 0.05625
1 0.48828125 0.34296875 0.02265625 0.0359375
1 0.44921875 0.3265625 0.02265625 0.0421875
1 0.475 0.29296875 0.0171875 0.03046875
1 0.47265625 0.26015625 0.01640625 0.0359375
1 0.465625 0.18984375 0.01484375 0.02265625
1 0.46171875 0.165625 0.0125 0.0234375
1 0.46015625 0.13984375 0.0140625 0.0234375
1 0.45859375 0.1140625 0.01640625 0.02109375