0 0.4625 0.63671875 0.128125 0.240625
1 0.27578125 0.5578125 0.046875 0.0734375
1 0.4765625 0.36640625 0.0328125 0.04375
1 0.2296875 0.534375 0.0421875 0.06875
1 0.40625 0.6390625 0.04375 0.0640625
1 0.2140625 0.63671875 0.046875 0.08125
1 0.26796875 0.78125 0.0609375 0.109375
1 0.5109375 0.5984375 0.0421875 0.059375
1 0.33203125 0.75078125 0.0515625 0.1
0 0.503125 0.87890625 0.153125 0.2421875
1 0.5546875 0.95390625 0.053125 0.0921875
1 0.70390625 0.71796875 0.0796875 0.0640625
1 0.52109375 0.69375 0.0515625 0.0625
1 0.534375 0.82421875 0.04375 0.075
1 0.4265625 0.94375 0.065625 0.10625
1 0.41875 0.8125 0.0515625 0.090625
1 0.3078125 0.2765625 0.034375 0.0546875
1 0.35078125 0.22421875 0.0328125 0.0390625
1 0.41796875 0.240625 0.021875 0.0359375
1 0.38125 0.1953125 0.025 0.028125
1 0.35 0.19140625 0.03125 0.0375
1 0.29921875 0.1921875 0.025 0.0375
1 0.30234375 0.14609375 0.01875 0.025
1 0.29453125 0.1171875 0.0203125 0.0328125
1 0.284375 0.078125 0.0171875 0.0328125