1 0.5140625 0.58125 0.065625 0.0609375
1 0.3078125 0.85234375 0.0625 0.1109375
1 0.203125 0.9015625 0.0671875 0.1109375
1 0.40859375 0.45546875 0.046875 0.059375
1 0.49296875 0.44609375 0.0375 0.046875
1 0.44453125 0.3828125 0.034375 0.0453125
0 0.4265625 0.91640625 0.1171875 0.1671875
0 0.30546875 0.53984375 0.121875 0.1875
0 0.29765625 0.42421875 0.1453125 0.184375
0 0.2828125 0.309375 0.0640625 0.0875
0 0.22890625 0.54296875 0.065625 0.140625
0 0.25390625 0.25703125 0.0515625 0.13125
0 0.25625 0.178125 0.040625 0.0875
1 0.2046875 0.70234375 0.0546875 0.0875
1 0.21015625 0.65078125 0.0453125 0.078125
1 0.31953125 0.365625 0.0359375 0.0609375
1 0.32109375 0.3203125 0.034375 0.040625
1 0.31484375 0.28359375 0.025 0.034375
1 0.3109375 0.2484375 0.0296875 0.04375
1 0.30859375 0.22578125 0.034375 0.0390625
1 0.3 0.19140625 0.028125 0.034375
1 0.61953125 0.99296875 0.0546875 0.0140625
1 0.54140625 0.975 0.0578125 0.05
1 0.48671875 0.97890625 0.0484375 0.0421875
1 0.4671875 0.87421875 0.0484375 0.084375
1 0.515625 0.8875 0.0484375 0.075
1 0.578125 0.92265625 0.0484375 0.096875
1 0.58515625 0.846875 0.040625 0.0609375
1 0.57734375 0.7921875 0.05 0.059375
1 0.58359375 0.73359375 0.0421875 0.053125
1 0.92265625 0.7515625 0.090625 0.0796875
1 0.86953125 0.68828125 0.075 0.05625
1 0.82421875 0.7390625 0.0765625 0.0609375
1 0.759375 0.67421875 0.06875 0.0515625
1 0.66640625 0.71484375 0.0765625 0.0765625
1 0.61484375 0.68515625 0.0765625 0.0578125
1 0.61484375 0.63515625 0.0734375 0.0484375
1 0.453125 0.28125 0.0296875 0.0375
1 0.45 0.3203125 0.0328125 0.0484375
1 0.28359375 0.0875 0.0359375 0.034375
1 0.3546875 0.17265625 0.0234375 0.0359375
1 0.34453125 0.0609375 0.0140625 0.0125