1 0.51171875 0.96875 0.0671875 0.0625
1 0.440625 0.60078125 0.0375 0.05625
1 0.4453125 0.9875 0.053125 0.025
1 0.909375 0.8421875 0.0796875 0.0671875
1 0.2828125 0.66796875 0.0484375 0.08125
1 0.228125 0.675 0.05 0.071875
1 0.22890625 0.61875 0.0421875 0.0734375
1 0.23125 0.56875 0.0421875 0.065625
1 0.3703125 0.3015625 0.025 0.0390625
1 0.30859375 0.31484375 0.0328125 0.0390625
1 0.33515625 0.271875 0.025 0.0390625
1 0.3046875 0.28046875 0.028125 0.034375
1 0.321875 0.20390625 0.03125 0.0328125
1 0.309375 0.17109375 0.0140625 0.0234375
1 0.25390625 0.18515625 0.0234375 0.0265625
1 0.22734375 0.15625 0.0234375 0.0328125
1 0.253125 0.14375 0.0203125 0.028125
1 0.253125 0.1140625 0.0234375 0.025