0 0.30078125 0.246875 0.0765625 0.1078125
0 0.20390625 0.21796875 0.06875 0.0890625
1 0.4734375 0.87109375 0.065625 0.103125
1 0.52578125 0.9703125 0.0640625 0.059375
1 0.3 0.77578125 0.0578125 0.0859375
1 0.2890625 0.3921875 0.0390625 0.0515625
1 0.2578125 0.3390625 0.0359375 0.0515625
1 0.225 0.2890625 0.0265625 0.0375
1 0.26484375 0.29453125 0.03125 0.0390625
1 0.2421875 0.26953125 0.0265625 0.0296875
1 0.15 0.296875 0.0265625 0.0359375
1 0.14453125 0.26328125 0.0328125 0.0390625
1 0.12890625 0.23125 0.0359375 0.0375
1 0.11640625 0.12109375 0.021875 0.0296875
1 0.77109375 0.6078125 0.0890625 0.06875
0 0.4328125 0.90390625 0.140625 0.1921875
1 0.09609375 0.10390625 0.015625 0.021875