1 0.44140625 0.70078125 0.078125 0.078125
1 0.5171875 0.89453125 0.0671875 0.0875
1 0.5328125 0.61015625 0.0828125 0.0671875
1 0.27890625 0.44140625 0.0390625 0.05625
1 0.27890625 0.56328125 0.0515625 0.071875
1 0.31171875 0.80625 0.06875 0.0984375
1 0.46484375 0.4703125 0.046875 0.0640625
1 0.46796875 0.975 0.0609375 0.05
1 0.221875 0.53984375 0.0578125 0.0765625
1 0.9328125 0.77421875 0.05 0.0625
1 0.76484375 0.7078125 0.0875 0.0703125
1 0.71484375 0.6703125 0.0578125 0.0546875
1 0.67578125 0.73203125 0.0734375 0.0578125
1 0.484375 0.3640625 0.03125 0.034375
1 0.31796875 0.47265625 0.0390625 0.0734375
1 0.2890625 0.2984375 0.0296875 0.046875
1 0.315625 0.1703125 0.0203125 0.0375
1 0.26796875 0.1546875 0.0234375 0.04375
0 0.396875 0.1015625 0.05 0.075
1 0.36328125 0.0609375 0.01875 0.03125
1 0.38125 0.04375 0.0125 0.021875
1 0.31796875 0.05078125 0.0171875 0.0265625