1 0.57734375 0.6703125 0.071875 0.0671875
1 0.44296875 0.578125 0.065625 0.065625
1 0.375 0.23515625 0.0265625 0.0375
1 0.446875 0.453125 0.0375 0.0484375
1 0.36484375 0.4375 0.034375 0.0484375
1 0.32578125 0.2671875 0.0265625 0.0359375
1 0.30078125 0.175 0.021875 0.03125
1 0.22109375 0.69453125 0.04375 0.08125
1 0.634375 0.71640625 0.0671875 0.0703125
1 0.49375 0.4734375 0.040625 0.0515625
1 0.4375 0.31484375 0.03125 0.0390625
1 0.32421875 0.59609375 0.0421875 0.078125
1 0.27109375 0.575 0.0390625 0.0609375
1 0.29296875 0.403125 0.0265625 0.0515625
1 0.24375 0.13203125 0.0328125 0.034375
1 0.30625 0.4734375 0.053125 0.1109375
1 0.240625 0.0828125 0.015625 0.0265625
0 0.546875 0.9515625 0.1 0.096875
1 0.60859375 0.98515625 0.0421875 0.0296875
1 0.5859375 0.90390625 0.0609375 0.0875
1 0.71328125 0.6828125 0.0765625 0.0625
1 0.7 0.628125 0.0828125 0.0546875
2 0.553125 0.58203125 0.109375 0.0953125
1 0.77890625 0.65546875 0.0765625 0.0640625
1 0.909375 0.6734375 0.0890625 0.065625
1 0.83125 0.628125 0.0703125 0.0515625
1 0.36171875 0.19375 0.0296875 0.03125
1 0.215625 0.009375 0.015625 0.01875
1 0.97109375 0.65 0.0421875 0.053125