1 0.446875 0.371875 0.0296875 0.0421875
1 0.27421875 0.35859375 0.03125 0.04375
1 0.30859375 0.29375 0.028125 0.0390625
1 0.3359375 0.5703125 0.0390625 0.065625
0 0.22421875 0.45703125 0.0546875 0.134375
1 0.25078125 0.27890625 0.025 0.04375
1 0.21328125 0.2578125 0.021875 0.0359375
1 0.23671875 0.215625 0.021875 0.0421875
1 0.21171875 0.1875 0.015625 0.0265625
1 0.20859375 0.140625 0.0140625 0.0203125
0 0.17421875 0.12109375 0.0375 0.0703125
1 0.95234375 0.6234375 0.0953125 0.08125
1 0.871875 0.590625 0.06875 0.0484375
1 0.8 0.6296875 0.0796875 0.0390625
1 0.42890625 0.3390625 0.01875 0.034375