1 0.63671875 0.9390625 0.0546875 0.08359375
0 0.571875 0.8921875 0.1015625 0.215625
0 0.21484375 0.37578125 0.046875 0.1640625
0 0.19140625 0.07734375 0.028125 0.0671875
1 0.7046875 0.61328125 0.0921875 0.040625
1 0.86328125 0.60859375 0.06640625 0.05
1 0.97265625 0.6484375 0.0546875 0.053125
1 0.965625 0.61953125 0.06875 0.0453125
1 0.4765625 0.57734375 0.0515625 0.04609375
1 0.48515625 0.5234375 0.03984375 0.04375
1 0.3328125 0.5671875 0.04140625 0.08203125
1 0.32421875 0.51953125 0.0390625 0.07109375
1 0.2484375 0.33046875 0.0265625 0.05859375
1 0.21953125 0.10625 0.0171875 0.0328125
1 0.35 0.16640625 0.025 0.034375
1 0.2140625 0.08203125 0.01796875 0.0265625
1 0.20859375 0.04296875 0.01328125 0.0359375
1 0.49609375 0.44609375 0.0359375 0.05390625