0 0.51171875 0.64140625 0.134375 0.2421875
1 0.309375 0.63125 0.0484375 0.0734375
1 0.4328125 0.3828125 0.034375 0.0453125
1 0.2578125 0.625 0.04375 0.06875
1 0.459375 0.66328125 0.0453125 0.0640625
1 0.278125 0.7265625 0.05 0.08125
1 0.378125 0.84375 0.0640625 0.109375
1 0.54453125 0.58828125 0.04375 0.059375
1 0.428125 0.79296875 0.0546875 0.1015625
0 0.63515625 0.8609375 0.159375 0.25625
1 0.70703125 0.90859375 0.05625 0.09375
1 0.765625 0.63515625 0.08125 0.065625
1 0.58671875 0.675 0.053125 0.0640625
1 0.64296875 0.79296875 0.046875 0.0765625
1 0.5828125 0.9421875 0.06875 0.1078125
1 0.53046875 0.82109375 0.0546875 0.0921875
1 0.24296875 0.35546875 0.0359375 0.05625
1 0.265625 0.29140625 0.034375 0.0390625
1 0.334375 0.284375 0.0234375 0.0359375
1 0.284375 0.2546875 0.0265625 0.028125
1 0.25390625 0.26171875 0.0328125 0.0390625
1 0.20625 0.2796875 0.0265625 0.0375
1 0.19296875 0.23515625 0.0203125 0.0265625
1 0.1765625 0.21015625 0.021875 0.0328125
1 0.153125 0.17734375 0.01875 0.034375