1 0.49921875 0.54375 0.05 0.059375
1 0.34921875 0.44609375 0.0375 0.0484375
1 0.6265625 0.89296875 0.0703125 0.0984375
1 0.44609375 0.47109375 0.0375 0.0484375
1 0.36953125 0.3828125 0.034375 0.04375
1 0.58828125 0.59296875 0.0859375 0.06875
1 0.40859375 0.3546875 0.0328125 0.04375
1 0.6859375 0.75390625 0.065625 0.0828125
1 0.7640625 0.86953125 0.0625 0.0859375
1 0.18671875 0.13515625 0.0203125 0.028125
1 0.71796875 0.92421875 0.0734375 0.0875
1 0.6859375 0.84296875 0.06875 0.0984375
1 0.8390625 0.578125 0.0859375 0.0578125
1 0.57109375 0.6828125 0.08125 0.0609375
1 0.42890625 0.575 0.0578125 0.0625
1 0.35703125 0.6234375 0.05 0.0671875
1 0.35078125 0.575 0.053125 0.0671875
1 0.328125 0.53984375 0.0453125 0.0515625
1 0.3125 0.50546875 0.040625 0.0609375
1 0.27265625 0.421875 0.0359375 0.0578125
1 0.296875 0.3625 0.0234375 0.0359375
1 0.3125 0.6390625 0.04375 0.0609375
1 0.30078125 0.5875 0.0359375 0.05625
1 0.28359375 0.54765625 0.0359375 0.0515625
1 0.26171875 0.503125 0.03125 0.053125
1 0.24921875 0.59921875 0.0390625 0.05625
1 0.2640625 0.296875 0.025 0.04375
1 0.2359375 0.25 0.0171875 0.028125
1 0.303125 0.303125 0.03125 0.0484375
1 0.29140625 0.28125 0.0265625 0.0328125
1 0.275 0.26015625 0.0265625 0.03125
1 0.26484375 0.25 0.0234375 0.0265625