1 0.37109375 0.8609375 0.025 0.04609375
1 0.559375 0.903125 0.03046875 0.0484375
1 0.503125 0.859375 0.02890625 0.040625
1 0.5265625 0.81875 0.03125 0.0421875
1 0.43046875 0.74765625 0.015625 0.028125
1 0.48984375 0.74765625 0.0234375 0.03046875
1 0.4828125 0.725 0.01875 0.03203125
1 0.4484375 0.709375 0.0171875 0.03046875
1 0.4046875 0.67109375 0.021875 0.028125
1 0.459375 0.66171875 0.015625 0.025
1 0.3984375 0.64296875 0.02109375 0.0265625
1 0.38125 0.5453125 0.01171875 0.03046875
1 0.35390625 0.490625 0.01328125 0.0234375
1 0.340625 0.46953125 0.00859375 0.0265625
1 0.390625 0.98359375 0.02578125 0.03046875
1 0.43046875 0.6046875 0.02109375 0.03203125
1 0.41328125 0.62734375 0.01171875 0.02890625
0 0.434375 0.66171875 0.03359375 0.06875