1 0.45390625 0.82890625 0.0328125 0.0421875
0 0.55625 0.79296875 0.06875 0.115625
0 0.5234375 0.740625 0.0734375 0.11875
0 0.40546875 0.7015625 0.053125 0.059375
1 0.47421875 0.79140625 0.0296875 0.0390625
1 0.4484375 0.74453125 0.0265625 0.03125
1 0.41953125 0.74765625 0.025 0.0296875
0 0.371875 0.75546875 0.0375 0.0828125
1 0.3375 0.7078125 0.034375 0.028125
1 0.3171875 0.72890625 0.028125 0.03125
1 0.4234375 0.68046875 0.0140625 0.025
1 0.359375 0.6078125 0.0171875 0.025
1 0.34453125 0.5875 0.015625 0.0296875
1 0.32421875 0.56171875 0.0234375 0.0265625