0 0.4953125 0.61171875 0.1296875 0.2296875
0 0.32578125 0.53203125 0.10625 0.1953125
0 0.42265625 0.8875 0.1421875 0.225
0 0.2703125 0.55 0.078125 0.1578125
1 0.60546875 0.7015625 0.0546875 0.0703125
1 0.21875 0.31328125 0.03125 0.04375
1 0.35546875 0.46328125 0.0390625 0.05625
1 0.45234375 0.41875 0.0390625 0.046875
1 0.36640625 0.3828125 0.0328125 0.0421875
1 0.18359375 0.24453125 0.0265625 0.03125
1 0.14609375 0.2125 0.0265625 0.040625
1 0.1296875 0.1203125 0.01875 0.021875
1 0.34453125 0.31796875 0.028125 0.0359375
1 0.52109375 0.56171875 0.0375 0.0484375
1 0.4796875 0.5171875 0.0359375 0.040625