0 0.78203125 0.63359375 0.1890625 0.21953125
1 0.58125 0.83671875 0.06796875 0.11796875
1 0.3734375 0.9328125 0.09375 0.13203125
1 0.88125 0.965625 0.06953125 0.06640625
1 0.9125 0.78046875 0.06484375 0.090625
1 0.7578125 0.88359375 0.078125 0.11015625
1 0.8328125 0.778125 0.07109375 0.1015625
1 0.43125 0.76953125 0.06796875 0.11875
1 0.76015625 0.978125 0.07421875 0.04296875
1 0.52109375 0.81796875 0.07109375 0.10703125
1 0.8984375 0.6859375 0.0421875 0.09375
1 0.66796875 0.47421875 0.06875 0.0625