1 0.23671875 0.721875 0.0421875 0.0921875
1 0.33671875 0.1890625 0.021875 0.034375
1 0.475 0.409375 0.0328125 0.04375
1 0.46875 0.50546875 0.0390625 0.0484375
1 0.45859375 0.9015625 0.0515625 0.08125
1 0.4125 0.434375 0.03125 0.0453125
1 0.60859375 0.97109375 0.0578125 0.0578125
1 0.58828125 0.9015625 0.0546875 0.0828125
1 0.28515625 0.58046875 0.0359375 0.071875
0 0.52421875 0.8984375 0.078125 0.1625
1 0.959375 0.6953125 0.065625 0.0625
1 0.33359375 0.5796875 0.0375 0.0640625
1 0.33125 0.52578125 0.0359375 0.0515625
1 0.31484375 0.48515625 0.034375 0.0671875
1 0.23125 0.19140625 0.025 0.0390625