1 0.44921875 0.86484375 0.075 0.1109375
1 0.453125 0.5140625 0.0453125 0.053125
1 0.45078125 0.41171875 0.040625 0.0515625
1 0.2734375 0.63828125 0.0484375 0.071875
1 0.3203125 0.63828125 0.05 0.0734375
1 0.69140625 0.66875 0.0671875 0.0734375
1 0.23828125 0.2046875 0.021875 0.028125
1 0.6796875 0.846875 0.0671875 0.0890625
1 0.74375 0.92421875 0.0640625 0.071875
1 0.23359375 0.24609375 0.028125 0.0375
1 0.346875 0.3984375 0.03125 0.04375
1 0.27265625 0.32578125 0.03125 0.040625
1 0.37265625 0.46875 0.0359375 0.05
1 0.38203125 0.37734375 0.028125 0.0375
1 0.3140625 0.2765625 0.0234375 0.0328125
1 0.26328125 0.23828125 0.0234375 0.0359375
1 0.634375 0.5875 0.065625 0.0578125
1 0.97421875 0.51015625 0.0515625 0.0703125
1 0.83515625 0.55078125 0.0828125 0.0703125