1 0.60625 0.66796875 0.0671875 0.05859375
1 0.365625 0.90625 0.046875 0.10703125
1 0.478125 0.9015625 0.04609375 0.078125
1 0.4421875 0.45625 0.03203125 0.04609375
1 0.3265625 0.28515625 0.02265625 0.034375
1 0.4484375 0.571875 0.03671875 0.05
1 0.3859375 0.3015625 0.02578125 0.0359375
1 0.4875 0.540625 0.0453125 0.05
1 0.5015625 0.4796875 0.034375 0.04296875
1 0.575 0.60078125 0.06953125 0.05703125
1 0.96484375 0.60234375 0.0703125 0.0703125
1 0.9390625 0.6765625 0.09921875 0.05
1 0.828125 0.6484375 0.08046875 0.04453125
1 0.73203125 0.68359375 0.0859375 0.053125
1 0.65390625 0.7078125 0.05 0.0515625
1 0.709375 0.9703125 0.05703125 0.059375
0 0.6515625 0.94453125 0.08359375 0.1109375
0 0.3421875 0.153125 0.04609375 0.06796875
1 0.5421875 0.896875 0.04609375 0.08203125
1 0.5953125 0.86171875 0.04921875 0.0765625
1 0.29453125 0.59609375 0.0375 0.06640625
1 0.2390625 0.578125 0.02890625 0.05
1 0.2875 0.54375 0.03046875 0.0484375
1 0.2671875 0.50703125 0.02734375 0.046875
1 0.265625 0.4609375 0.03046875 0.05546875
1 0.31171875 0.16328125 0.021875 0.0234375
1 0.3015625 0.1484375 0.02109375 0.01953125
1 0.2859375 0.1171875 0.025 0.02890625
0 0.28203125 0.04765625 0.028125 0.05390625
1 0.2078125 0.178125 0.01875 0.0390625