0 0.30703125 0.6 0.134375 0.2484375
0 0.32578125 0.41171875 0.096875 0.1546875
1 0.20703125 0.75546875 0.0609375 0.096875
1 0.38203125 0.3390625 0.034375 0.040625
1 0.4015625 0.24296875 0.028125 0.0375
1 0.4875 0.62578125 0.0453125 0.059375
1 0.440625 0.63046875 0.05 0.065625
1 0.4515625 0.803125 0.0546875 0.0734375
1 0.52109375 0.97265625 0.0640625 0.0546875
1 0.503125 0.7828125 0.0640625 0.0890625
1 0.39609375 0.8640625 0.06875 0.103125
1 0.3953125 0.6953125 0.0515625 0.0703125
1 0.45546875 0.965625 0.0609375 0.06875
1 0.21796875 0.915625 0.0546875 0.0671875
1 0.39140625 0.53125 0.04375 0.0546875
1 0.65546875 0.72890625 0.0859375 0.075
1 0.91875 0.71640625 0.096875 0.075
1 0.453125 0.38828125 0.0453125 0.0640625
1 0.48515625 0.36171875 0.0296875 0.034375
1 0.446875 0.18359375 0.0234375 0.028125
1 0.4 0.19609375 0.015625 0.0234375
1 0.36953125 0.190625 0.025 0.0296875
1 0.36875 0.16484375 0.03125 0.03125
1 0.3265625 0.03046875 0.0125 0.01875
1 0.3015625 0.0328125 0.015625 0.0234375
0 0.303125 0.87421875 0.0953125 0.190625