0 0.3359375 0.83828125 0.1203125 0.2828125
1 0.21640625 0.640625 0.05 0.0796875
1 0.265625 0.7734375 0.05625 0.0984375
1 0.4765625 0.53203125 0.0390625 0.05625
1 0.2765625 0.60078125 0.0484375 0.08125
1 0.6234375 0.975 0.065625 0.05
1 0.5875 0.74921875 0.05 0.078125
1 0.32109375 0.52109375 0.0484375 0.06875
1 0.4609375 0.45078125 0.0359375 0.053125
1 0.421875 0.44609375 0.03125 0.04375
1 0.3828125 0.42578125 0.034375 0.053125
1 0.2640625 0.34453125 0.034375 0.05
1 0.3015625 0.2359375 0.025 0.0359375
1 0.396875 0.3484375 0.028125 0.046875
1 0.35625 0.2875 0.0234375 0.03125
1 0.26796875 0.18203125 0.025 0.0375
1 0.29765625 0.15546875 0.028125 0.0484375
1 0.28515625 0.1125 0.0234375 0.0328125
1 0.26484375 0.08515625 0.021875 0.0421875
1 0.3515625 0.25546875 0.0296875 0.03125
1 0.36953125 0.19296875 0.0296875 0.03125
1 0.34921875 0.225 0.01875 0.0234375
1 0.34765625 0.20390625 0.025 0.03125
1 0.34296875 0.178125 0.025 0.0265625