1 0.21171875 0.68828125 0.053125 0.0953125
1 0.478125 0.38515625 0.0359375 0.046875
1 0.41015625 0.89375 0.0609375 0.0859375
1 0.55078125 0.975 0.0640625 0.05
1 0.5390625 0.909375 0.0640625 0.0859375
1 0.27109375 0.41171875 0.0390625 0.0625
1 0.27734375 0.5578125 0.04375 0.0671875
1 0.36328125 0.15234375 0.0265625 0.0328125
0 0.47578125 0.896875 0.096875 0.171875
1 0.9265625 0.75 0.084375 0.078125
1 0.41953125 0.971875 0.0609375 0.05
1 0.32578125 0.5640625 0.04375 0.0578125
1 0.32734375 0.50859375 0.0390625 0.0515625
1 0.32578125 0.4640625 0.04375 0.059375