0 0.25234375 0.57578125 0.1390625 0.209375
1 0.05703125 0.60703125 0.0546875 0.0875
1 0.1953125 0.8453125 0.0703125 0.1109375
1 0.08046875 0.409375 0.040625 0.0515625
1 0.371875 0.7578125 0.0765625 0.1015625
1 0.13359375 0.74921875 0.06875 0.10625
1 0.26875 0.953125 0.084375 0.09375
1 0.5484375 0.9671875 0.078125 0.065625
1 0.42578125 0.94296875 0.0953125 0.1140625
1 0.10390625 0.80625 0.0734375 0.1125
1 0.00390625 0.475 0.0078125 0.05
1 0.0046875 0.2765625 0.009375 0.0375
1 0.26484375 0.32890625 0.0546875 0.046875