1 0.53046875 0.98203125 0.03046875 0.0359375
1 0.55625 0.975 0.02265625 0.0421875
1 0.4375 0.8390625 0.0171875 0.02265625
1 0.4984375 0.83046875 0.01875 0.03671875
1 0.47890625 0.80078125 0.0203125 0.025
1 0.42890625 0.7890625 0.0171875 0.028125
1 0.42421875 0.75625 0.015625 0.02890625
1 0.4296875 0.6625 0.01015625 0.0234375
1 0.4390625 0.721875 0.0125 0.02265625
1 0.4375 0.7046875 0.015625 0.01953125
1 0.5359375 0.88984375 0.02265625 0.028125
1 0.540625 0.92890625 0.02109375 0.025
2 0.50859375 0.9203125 0.021875 0.03984375
1 0.51953125 0.959375 0.025 0.0359375