1 0.47890625 0.67109375 0.05546875 0.05546875
1 0.43125 0.57421875 0.03515625 0.05703125
1 0.28515625 0.3640625 0.02421875 0.04375
1 0.26484375 0.234375 0.01875 0.0296875
1 0.375 0.428125 0.02734375 0.040625
1 0.60703125 0.9828125 0.04609375 0.03203125
1 0.35078125 0.9375 0.059375 0.09140625
1 0.66484375 0.75234375 0.071875 0.0640625
1 0.2359375 0.63671875 0.0328125 0.08046875
1 0.32109375 0.48125 0.02734375 0.04375
1 0.2953125 0.315625 0.02109375 0.034375
0 0.53046875 0.94921875 0.0859375 0.1015625
1 0.76796875 0.87421875 0.0890625 0.09296875
1 0.7375 0.71875 0.08671875 0.0671875
1 0.303125 0.69296875 0.0328125 0.06875
1 0.29453125 0.6265625 0.0296875 0.06484375