0 0.54296875 0.665625 0.1171875 0.2484375
0 0.6671875 0.90625 0.125 0.1703125
1 0.63046875 0.73203125 0.040625 0.065625
1 0.684375 0.6859375 0.0625 0.0671875
1 0.33359375 0.56328125 0.034375 0.0609375
1 0.41953125 0.9140625 0.0515625 0.109375
1 0.365625 0.68828125 0.04375 0.08125
2 0.42890625 0.48671875 0.075 0.1453125
1 0.93515625 0.64296875 0.0828125 0.0671875
1 0.303125 0.9421875 0.059375 0.115625
1 0.3671875 0.984375 0.040625 0.03125
1 0.2640625 0.7578125 0.05 0.109375
1 0.25390625 0.68203125 0.0390625 0.0609375
1 0.2734375 0.5796875 0.025 0.059375
1 0.228125 0.58125 0.028125 0.0546875
1 0.36328125 0.44609375 0.0296875 0.059375
1 0.4515625 0.3859375 0.0203125 0.04375
1 0.2484375 0.41953125 0.0328125 0.0640625
1 0.33515625 0.3859375 0.0265625 0.0375
1 0.36796875 0.3671875 0.03125 0.0484375
1 0.3515625 0.33046875 0.0171875 0.021875
1 0.328125 0.3484375 0.028125 0.03125
1 0.3171875 0.32265625 0.0203125 0.0296875
1 0.3421875 0.3015625 0.0203125 0.0296875
1 0.33203125 0.2734375 0.0296875 0.0234375
1 0.30546875 0.29609375 0.0203125 0.025
1 0.3015625 0.28046875 0.01875 0.021875
1 0.31796875 0.25234375 0.015625 0.028125
1 0.31171875 0.2265625 0.025 0.0296875
1 0.2890625 0.1734375 0.01875 0.0296875
1 0.26328125 0.1359375 0.021875 0.0359375
1 0.22109375 0.0703125 0.0109375 0.021875
1 0.228125 0.05 0.0140625 0.0234375
1 0.2015625 0.03515625 0.0171875 0.0296875
1 0.18515625 0.12421875 0.0203125 0.028125
1 0.27109375 0.21015625 0.025 0.0296875
1 0.28671875 0.2390625 0.0234375 0.03125
1 0.29375 0.2609375 0.021875 0.0265625
1 0.41171875 0.30703125 0.025 0.0453125
0 0.40078125 0.34765625 0.034375 0.0828125