0 0.31953125 0.3203125 0.059375 0.090625
0 0.26796875 0.3421875 0.053125 0.0875
1 0.346875 0.48203125 0.0359375 0.04375
1 0.46015625 0.98359375 0.0515625 0.0328125
1 0.34375 0.69765625 0.04375 0.065625
1 0.39921875 0.8515625 0.05625 0.0875
1 0.43203125 0.6296875 0.05 0.0671875
1 0.36015625 0.428125 0.0328125 0.0484375
1 0.15 0.3640625 0.0234375 0.0390625
1 0.24921875 0.38515625 0.025 0.03125
1 0.29453125 0.39765625 0.0265625 0.0359375
1 0.228125 0.34921875 0.0265625 0.0390625
1 0.23515625 0.3140625 0.01875 0.03125
1 0.1640625 0.31015625 0.0375 0.034375
1 0.14296875 0.26484375 0.0234375 0.0296875
1 0.17890625 0.228125 0.025 0.0296875
1 0.19921875 0.25546875 0.0171875 0.025
1 0.16875 0.21875 0.015625 0.0265625
1 0.1421875 0.18671875 0.0203125 0.0234375
1 0.128125 0.2953125 0.025 0.028125