1 0.37109375 0.8625 0.05 0.09453125
1 0.371875 0.43828125 0.0296875 0.04296875
1 0.4734375 0.8828125 0.0484375 0.08203125
1 0.63125 0.96796875 0.04765625 0.0640625
1 0.71875 0.9734375 0.06328125 0.053125
1 0.65 0.90078125 0.040625 0.084375
1 0.646875 0.825 0.0375 0.05546875
1 0.6234375 0.77265625 0.04453125 0.05703125
1 0.61953125 0.715625 0.040625 0.04453125
1 0.703125 0.6890625 0.071875 0.0640625
1 0.8703125 0.67890625 0.08359375 0.0609375
1 0.9609375 0.6796875 0.078125 0.07109375
1 0.87265625 0.65 0.0609375 0.05
1 0.8203125 0.628125 0.0625 0.040625
1 0.6921875 0.64609375 0.06328125 0.05546875
1 0.671875 0.61796875 0.07890625 0.046875
1 0.5328125 0.6890625 0.06953125 0.071875
2 0.5359375 0.56875 0.08671875 0.1015625
1 0.4984375 0.48671875 0.03203125 0.040625
1 0.3609375 0.309375 0.025 0.03203125
1 0.33359375 0.259375 0.0265625 0.028125
1 0.240625 0.14296875 0.02109375 0.01953125
1 0.26875 0.0984375 0.01328125 0.021875
1 0.28125 0.059375 0.00859375 0.0140625
1 0.2796875 0.31484375 0.01953125 0.05390625
1 0.290625 0.37421875 0.02421875 0.040625
1 0.265625 0.259375 0.02421875 0.0390625
1 0.24375 0.20546875 0.01640625 0.03046875
1 0.21875 0.17578125 0.02265625 0.04609375
1 0.25 0.74921875 0.034375 0.0625
1 0.23984375 0.690625 0.0359375 0.059375
1 0.23828125 0.60703125 0.034375 0.14140625
0 0.3109375 0.56796875 0.0875 0.1640625
0 0.2890625 0.4578125 0.11875 0.14296875
0 0.25703125 0.3453125 0.0421875 0.0734375
0 0.2203125 0.30390625 0.03828125 0.13359375
0 0.2015625 0.20234375 0.028125 0.06796875
1 0.5828125 0.878125 0.040625 0.08046875
1 0.5265625 0.87265625 0.04140625 0.08203125