1 0.334375 0.62578125 0.0421875 0.071875
1 0.36796875 0.34765625 0.03125 0.040625
1 0.24375 0.69453125 0.0484375 0.084375
1 0.5828125 0.7546875 0.05 0.0828125
1 0.4890625 0.4171875 0.0359375 0.0484375
1 0.734375 0.71875 0.075 0.0625
0 0.5203125 0.9828125 0.071875 0.034375
1 0.56640625 0.971875 0.0546875 0.05625
1 0.4828125 0.97265625 0.053125 0.0546875
1 0.4828125 0.8796875 0.0578125 0.08125
1 0.5390625 0.871875 0.0484375 0.0765625
1 0.63671875 0.7171875 0.06875 0.06875
1 0.28359375 0.6015625 0.0359375 0.05625
1 0.2359375 0.5359375 0.0359375 0.084375
1 0.2734375 0.4984375 0.03125 0.0515625
1 0.2890625 0.534375 0.0484375 0.078125
1 0.3328125 0.52265625 0.034375 0.053125
1 0.32734375 0.4765625 0.034375 0.05
1 0.475 0.36328125 0.028125 0.046875
1 0.38984375 0.31640625 0.025 0.0328125
1 0.34765625 0.2359375 0.03125 0.034375
1 0.37109375 0.203125 0.021875 0.034375
1 0.365625 0.18515625 0.01875 0.0296875
1 0.27421875 0.20859375 0.021875 0.0265625
1 0.34609375 0.21171875 0.0203125 0.0296875
1 0.33984375 0.18984375 0.0171875 0.025
1 0.3390625 0.17734375 0.021875 0.0359375
1 0.36328125 0.0953125 0.015625 0.0265625
1 0.33359375 0.0765625 0.0203125 0.021875