0 0.253125 0.509375 0.0796875 0.153125
1 0.59375 0.86875 0.04765625 0.0765625
1 0.5171875 0.52578125 0.034375 0.0484375
1 0.4453125 0.34921875 0.02890625 0.040625
1 0.634375 0.96171875 0.05859375 0.0734375
1 0.4015625 0.33203125 0.02578125 0.0390625
1 0.53515625 0.87890625 0.0453125 0.075
1 0.353125 0.18359375 0.0203125 0.03046875
1 0.553125 0.95625 0.04921875 0.084375
1 0.296875 0.6078125 0.0328125 0.065625
1 0.34375 0.584375 0.034375 0.05859375
1 0.325 0.52890625 0.03359375 0.05546875
1 0.3234375 0.48125 0.040625 0.04609375
1 0.309375 0.45390625 0.03359375 0.046875
1 0.3015625 0.42421875 0.03984375 0.040625
1 0.29375 0.384375 0.03125 0.0390625
1 0.2640625 0.4359375 0.0203125 0.04140625
1 0.2546875 0.38515625 0.01953125 0.05390625
1 0.3109375 0.24765625 0.01640625 0.03203125
1 0.32578125 0.2109375 0.0140625 0.03359375
1 0.303125 0.22265625 0.01640625 0.0234375
1 0.2984375 0.20078125 0.01796875 0.0265625
1 0.28984375 0.12109375 0.015625 0.021875
1 0.29140625 0.096875 0.015625 0.02890625
1 0.26015625 0.06171875 0.0140625 0.0234375
1 0.27109375 0.0390625 0.01875 0.021875
1 0.2421875 0.0359375 0.01875 0.028125