0 0.5125 0.58671875 0.07734375 0.1625
0 0.5078125 0.90546875 0.10546875 0.1859375
0 0.3390625 0.221875 0.040625 0.084375
1 0.403125 0.53125 0.03671875 0.059375
1 0.5109375 0.7515625 0.040625 0.0640625
1 0.3421875 0.36640625 0.02578125 0.0359375
1 0.70703125 0.9765625 0.0515625 0.046875
1 0.640625 0.91953125 0.03984375 0.0890625
1 0.5671875 0.9375 0.04609375 0.0890625
1 0.6578125 0.709375 0.06171875 0.053125
1 0.73203125 0.69296875 0.0875 0.05546875
1 0.50546875 0.48203125 0.0421875 0.053125
1 0.3078125 0.7390625 0.03671875 0.071875
1 0.35234375 0.64609375 0.0359375 0.05859375
1 0.3 0.6359375 0.0375 0.071875
1 0.2390625 0.65390625 0.03515625 0.0640625
1 0.246875 0.7484375 0.04921875 0.06640625
1 0.384375 0.38125 0.0203125 0.03203125
1 0.4109375 0.34453125 0.02734375 0.03046875
1 0.30625 0.24453125 0.01484375 0.03046875
1 0.30234375 0.225 0.025 0.021875
1 0.2953125 0.19375 0.02109375 0.02890625
1 0.25 0.20703125 0.01875 0.025
1 0.2453125 0.2921875 0.02421875 0.02890625
0 0.234375 0.5578125 0.03671875 0.11796875