1 0.421875 0.4421875 0.040625 0.0515625
1 0.29296875 0.81953125 0.0578125 0.109375
1 0.496875 0.44609375 0.0375 0.046875
1 0.346875 0.94921875 0.0578125 0.0734375
1 0.59453125 0.740625 0.0546875 0.0765625
1 0.68359375 0.71484375 0.0703125 0.0484375
1 0.40859375 0.24140625 0.0203125 0.0421875
1 0.34296875 0.2328125 0.0234375 0.0328125
1 0.36484375 0.20390625 0.0265625 0.034375
1 0.38671875 0.17578125 0.028125 0.034375
1 0.359375 0.18359375 0.0171875 0.0296875
1 0.3625 0.1453125 0.01875 0.028125
1 0.28203125 0.11640625 0.0203125 0.0234375
1 0.3203125 0.05703125 0.0203125 0.015625
1 0.33984375 0.21328125 0.0296875 0.034375
1 0.33828125 0.18359375 0.0203125 0.0296875