0 0.6640625 0.7796875 0.2453125 0.43671875
1 0.34765625 0.3515625 0.053125 0.08671875
1 0.4421875 0.634375 0.0703125 0.13125
1 0.478125 0.5515625 0.065625 0.10859375
1 0.61484375 0.58671875 0.053125 0.08828125
1 0.5796875 0.48046875 0.06328125 0.103125
1 0.515625 0.47109375 0.0546875 0.09765625
1 0.4296875 0.4375 0.0609375 0.09296875
1 0.53828125 0.375 0.0515625 0.07265625
1 0.4703125 0.3515625 0.04765625 0.0703125
1 0.4796875 0.228125 0.0421875 0.059375
1 0.5078125 0.30234375 0.05 0.0703125
1 0.44296875 0.26640625 0.04765625 0.078125
1 0.3859375 0.30390625 0.04453125 0.07421875
1 0.39765625 0.18125 0.04296875 0.07109375
1 0.3578125 0.19765625 0.05234375 0.1125
1 0.29921875 0.18671875 0.04140625 0.06875
1 0.26484375 0.0625 0.03359375 0.053125
1 0.31015625 0.0703125 0.0328125 0.05
1 0.328125 0.13046875 0.0375 0.0515625
1 0.28125 0.12421875 0.0375 0.053125
0 0.3671875 0.07109375 0.08671875 0.1375
1 0.2171875 0.015625 0.03515625 0.02890625