1 0.33984375 0.83125 0.046875 0.0921875
1 0.446875 0.5578125 0.0359375 0.0515625
1 0.63203125 0.82734375 0.053125 0.078125
1 0.30625 0.665625 0.04375 0.078125
1 0.76484375 0.66171875 0.0578125 0.059375
1 0.56015625 0.84375 0.05 0.0828125
1 0.27890625 0.525 0.0359375 0.0640625
1 0.37265625 0.696875 0.046875 0.0796875
1 0.496875 0.57109375 0.0375 0.0546875
1 0.5265625 0.73125 0.0453125 0.071875
1 0.4390625 0.965625 0.05625 0.06875
1 0.5265625 0.6421875 0.0484375 0.065625
1 0.45078125 0.39296875 0.034375 0.0359375
1 0.50078125 0.509375 0.028125 0.0484375
1 0.434375 0.36328125 0.0296875 0.0453125
1 0.30078125 0.21953125 0.028125 0.0203125
1 0.28359375 0.253125 0.0234375 0.03125
1 0.2734375 0.2265625 0.0203125 0.028125