1 0.31171875 0.81640625 0.0390625 0.0890625
1 0.4421875 0.553125 0.03125 0.0484375
1 0.603125 0.8375 0.04609375 0.075
1 0.2921875 0.6484375 0.03671875 0.075
1 0.75 0.684375 0.05390625 0.05546875
1 0.5296875 0.84765625 0.04296875 0.07890625
1 0.27734375 0.50546875 0.03125 0.0609375
1 0.35625 0.68515625 0.03984375 0.0765625
1 0.490625 0.5703125 0.0328125 0.0515625
1 0.50625 0.7328125 0.0390625 0.06796875
1 0.39921875 0.9625 0.05 0.071875
1 0.5140625 0.64375 0.04375 0.0625
1 0.46015625 0.3890625 0.03125 0.03359375
1 0.5 0.509375 0.02421875 0.04609375
1 0.446875 0.3578125 0.02578125 0.04296875
1 0.32578125 0.203125 0.0265625 0.01796875
1 0.30625 0.23515625 0.02109375 0.02890625
1 0.2984375 0.2078125 0.01796875 0.0265625