0 0.04296875 0.50859375 0.0859375 0.2734375
0 0.02890625 0.265625 0.05703125 0.21171875
1 0.1453125 0.71328125 0.07109375 0.1
1 0.1765625 0.51640625 0.07265625 0.09609375
1 0.140625 0.9515625 0.09609375 0.0953125
1 0.49609375 0.871875 0.09609375 0.11953125
1 0.096875 0.5015625 0.0578125 0.084375
1 0.20703125 0.43671875 0.0640625 0.08359375
1 0.45703125 0.953125 0.07890625 0.09140625
1 0.35390625 0.95390625 0.08984375 0.090625
1 0.646875 0.79453125 0.13984375 0.11015625
1 0.0515625 0.21640625 0.0390625 0.0625