1 0.6546875 0.709375 0.05859375 0.0625
1 0.2859375 0.34921875 0.0234375 0.040625
1 0.4203125 0.346875 0.03359375 0.034375
1 0.7890625 0.678125 0.0796875 0.05390625
1 0.50625 0.6546875 0.03671875 0.0625
1 0.9796875 0.665625 0.040625 0.075
1 0.24609375 0.740625 0.0421875 0.09140625
1 0.24140625 0.6421875 0.040625 0.0765625
1 0.24140625 0.59296875 0.01875 0.025
1 0.225 0.553125 0.02265625 0.05703125
1 0.2515625 0.3875 0.0265625 0.04140625
1 0.2453125 0.315625 0.0265625 0.04296875
1 0.3015625 0.2328125 0.01953125 0.0375
0 0.39609375 0.23671875 0.025 0.059375
0 0.3515625 0.26796875 0.02421875 0.0640625
0 0.1890625 0.13671875 0.05078125 0.0625
1 0.2265625 0.15390625 0.021875 0.021875
1 0.25 0.14296875 0.0203125 0.025
1 0.27890625 0.18046875 0.021875 0.025
1 0.2921875 0.1578125 0.0234375 0.03203125
1 0.31875 0.19609375 0.02265625 0.021875
1 0.33203125 0.22578125 0.0125 0.02890625
1 0.2265625 0.215625 0.02109375 0.03359375
1 0.22890625 0.184375 0.0234375 0.028125
1 0.1984375 0.21875 0.01171875 0.02890625