0 0.3875 0.21484375 0.03984375 0.07890625
1 0.48359375 0.84375 0.046875 0.0734375
1 0.3890625 0.79453125 0.05625 0.0890625
1 0.32265625 0.19609375 0.0203125 0.0359375
1 0.2703125 0.56015625 0.0390625 0.07109375
1 0.36875 0.921875 0.05234375 0.1140625
1 0.3453125 0.26953125 0.02109375 0.03359375
1 0.26953125 0.9328125 0.0515625 0.134375
1 0.484375 0.60625 0.06484375 0.05703125
1 0.5 0.5609375 0.05390625 0.046875
1 0.8515625 0.65390625 0.08359375 0.05
1 0.971875 0.6203125 0.05546875 0.0515625
1 0.4890625 0.440625 0.02734375 0.04609375
1 0.4296875 0.42265625 0.01953125 0.0234375
1 0.3875 0.32578125 0.0234375 0.0375
1 0.2765625 0.0984375 0.01953125 0.025