1 0.5046875 0.58828125 0.040625 0.0546875
1 0.37890625 0.81171875 0.0484375 0.0984375
1 0.3109375 0.68125 0.0421875 0.078125
1 0.45546875 0.796875 0.071875 0.08125
1 0.2453125 0.609375 0.0375 0.0640625
1 0.43984375 0.48515625 0.0375 0.05
1 0.49921875 0.46875 0.0265625 0.046875
1 0.48671875 0.42890625 0.028125 0.0375
1 0.4484375 0.37265625 0.0203125 0.0421875
1 0.40859375 0.3109375 0.0171875 0.0375
1 0.2453125 0.228125 0.021875 0.0390625
1 0.22578125 0.1609375 0.025 0.034375
1 0.290625 0.14765625 0.015625 0.0203125
0 0.29296875 0.21328125 0.040625 0.0890625
0 0.3453125 0.2953125 0.0609375 0.1109375
1 0.32109375 0.22109375 0.0203125 0.034375
1 0.9703125 0.61171875 0.059375 0.0609375