2 0.67578125 0.88203125 0.0890625 0.19375
0 0.66328125 0.11328125 0.0765625 0.1359375
1 0.5859375 0.5296875 0.05 0.09375
1 0.9046875 0.95390625 0.0765625 0.040625
1 0.73046875 0.44296875 0.0515625 0.0734375
1 0.6625 0.59453125 0.0578125 0.1
1 0.77578125 0.54765625 0.0515625 0.078125
1 0.59296875 0.3390625 0.046875 0.0734375
1 0.8515625 0.7375 0.0796875 0.1203125
1 0.7125 0.25625 0.0390625 0.05625
1 0.703125 0.21875 0.0359375 0.0453125
1 0.68828125 0.184375 0.0359375 0.0515625
1 0.65 0.2234375 0.040625 0.06875
1 0.63046875 0.18125 0.040625 0.0515625
1 0.6203125 0.1484375 0.0390625 0.04375
1 0.61328125 0.11953125 0.0328125 0.05
1 0.6015625 0.09375 0.0375 0.0515625
1 0.54453125 0.14921875 0.0328125 0.053125
1 0.49453125 0.13984375 0.0296875 0.0515625
0 0.4953125 0.434375 0.0765625 0.2265625
0 0.4734375 0.271875 0.065625 0.1578125
0 0.4703125 0.1703125 0.0375 0.071875