0 0.37578125 0.2109375 0.0453125 0.084375
1 0.61484375 0.88671875 0.0546875 0.08125
1 0.6671875 0.6984375 0.0609375 0.065625
1 0.2984375 0.44375 0.03125 0.0640625
1 0.25234375 0.3921875 0.025 0.0453125
1 0.45 0.371875 0.0296875 0.0421875
1 0.259375 0.4453125 0.028125 0.05
1 0.79296875 0.67421875 0.078125 0.059375
1 0.9 0.6421875 0.08125 0.0453125
1 0.89296875 0.6 0.084375 0.0453125
1 0.39296875 0.3515625 0.01875 0.0375
1 0.27421875 0.19140625 0.0296875 0.0375
1 0.33671875 0.20859375 0.0203125 0.0265625
1 0.26953125 0.16953125 0.0171875 0.0265625
1 0.2 0.20078125 0.015625 0.0296875
1 0.2125 0.11171875 0.015625 0.028125
1 0.234375 0.0546875 0.0125 0.01875