1 0.4375 0.5109375 0.046875 0.0578125
1 0.42109375 0.34765625 0.0296875 0.0421875
1 0.63046875 0.59921875 0.0890625 0.065625
1 0.3 0.6171875 0.04375 0.075
1 0.6546875 0.7359375 0.053125 0.075
1 0.66484375 0.88125 0.0640625 0.096875
1 0.69296875 0.96796875 0.05 0.0296875
1 0.934375 0.6015625 0.08125 0.0671875
1 0.9734375 0.56796875 0.053125 0.0609375
1 0.81875 0.5859375 0.084375 0.046875
1 0.7671875 0.621875 0.0796875 0.0578125
1 0.4875 0.72109375 0.071875 0.0796875
1 0.35 0.60859375 0.0375 0.065625
1 0.334375 0.55078125 0.04375 0.065625
1 0.26015625 0.46953125 0.0359375 0.05625
1 0.23515625 0.5734375 0.034375 0.05625
1 0.23203125 0.38203125 0.025 0.0375
1 0.28671875 0.22734375 0.01875 0.0375
1 0.26015625 0.22890625 0.0234375 0.021875
1 0.25859375 0.16640625 0.021875 0.0265625
1 0.22109375 0.24453125 0.0265625 0.0421875
1 0.1859375 0.21171875 0.0203125 0.03125
1 0.190625 0.1578125 0.01875 0.028125
1 0.1671875 0.1625 0.015625 0.021875