1 0.36328125 0.40078125 0.0375 0.0453125
1 0.47578125 0.91953125 0.0734375 0.1234375
1 0.33515625 0.70390625 0.046875 0.0765625
1 0.3828125 0.87734375 0.0609375 0.10625
1 0.74453125 0.621875 0.08125 0.06875
1 0.45703125 0.48671875 0.0453125 0.065625
1 0.3546875 0.6234375 0.0484375 0.0796875
1 0.30546875 0.50859375 0.0453125 0.071875
1 0.26953125 0.465625 0.034375 0.0578125
1 0.24453125 0.3671875 0.0328125 0.0515625
1 0.22890625 0.34140625 0.03125 0.04375
1 0.18359375 0.240625 0.0296875 0.040625
1 0.1546875 0.19375 0.01875 0.03125
1 0.22421875 0.18515625 0.0234375 0.0359375
1 0.14609375 0.1625 0.01875 0.0328125
1 0.25703125 0.290625 0.028125 0.0375
1 0.2390625 0.26953125 0.025 0.0390625
1 0.35859375 0.9734375 0.0515625 0.053125
1 0.2265625 0.578125 0.0546875 0.096875
1 0.20546875 0.29765625 0.028125 0.0390625
1 0.25703125 0.24609375 0.021875 0.0265625
0 0.31796875 0.3328125 0.0734375 0.115625
0 0.28828125 0.27265625 0.0546875 0.09375
0 0.18984375 0.334375 0.0578125 0.1125
1 0.11953125 0.10390625 0.0203125 0.03125