0 0.690625 0.12578125 0.06796875 0.13203125
1 0.653125 0.60703125 0.0515625 0.1
1 0.58359375 0.246875 0.03671875 0.065625
1 0.7453125 0.50390625 0.04921875 0.07578125
1 0.634375 0.465625 0.04296875 0.08359375
1 0.7125 0.23125 0.03515625 0.06015625
1 0.603125 0.3328125 0.0390625 0.075
1 0.83046875 0.54140625 0.05390625 0.08671875
1 0.68203125 0.2890625 0.03828125 0.0609375
1 0.65078125 0.1734375 0.03046875 0.0453125
1 0.72421875 0.09921875 0.01953125 0.04765625
1 0.6359375 0.1296875 0.025 0.04765625
1 0.628125 0.09453125 0.03125 0.0328125
1 0.55078125 0.06640625 0.0234375 0.05390625
1 0.5671875 0.1296875 0.03515625 0.05859375
1 0.52890625 0.18046875 0.03203125 0.0625
0 0.51171875 0.45 0.05859375 0.225