0 0.58359375 0.8796875 0.11875 0.2359375
1 0.43984375 0.52734375 0.04375 0.053125
0 0.2453125 0.5453125 0.1046875 0.2109375
1 0.39609375 0.70625 0.0765625 0.08125
1 0.33671875 0.57734375 0.0390625 0.0859375
1 0.32109375 0.5234375 0.0359375 0.0515625
1 0.3109375 0.48203125 0.0234375 0.03125
1 0.25546875 0.4515625 0.0359375 0.0578125
1 0.32890625 0.36484375 0.0265625 0.0421875
1 0.40234375 0.38828125 0.0265625 0.040625
1 0.409375 0.35078125 0.025 0.0421875
1 0.4546875 0.4625 0.0296875 0.046875
1 0.4890625 0.43984375 0.03125 0.0484375
1 0.64921875 0.6109375 0.0859375 0.05625
1 0.9 0.60859375 0.06875 0.053125
1 0.97265625 0.62109375 0.0546875 0.0640625
1 0.9859375 0.56875 0.028125 0.05
1 0.66640625 0.93984375 0.0578125 0.1
1 0.634375 0.8625 0.0453125 0.0609375
1 0.28671875 0.19375 0.01875 0.0328125
1 0.31796875 0.19921875 0.0265625 0.0390625
1 0.3296875 0.17421875 0.025 0.0328125
1 0.1765625 0.15546875 0.0140625 0.01875
0 0.16875 0.10078125 0.03125 0.0703125
1 0.1984375 0.1203125 0.0140625 0.0265625
1 0.2421875 0.09921875 0.0171875 0.0328125