0 0.53125 0.66796875 0.1 0.24140625
0 0.63828125 0.9171875 0.1140625 0.1625
1 0.6140625 0.740625 0.03671875 0.0625
1 0.67109375 0.6984375 0.0578125 0.0640625
1 0.3296875 0.5515625 0.03046875 0.05859375
1 0.390625 0.9078125 0.04453125 0.10703125
1 0.353125 0.678125 0.0390625 0.07890625
2 0.4296875 0.48203125 0.06484375 0.14140625
1 0.92421875 0.67265625 0.078125 0.0625
1 0.271875 0.9359375 0.05 0.128125
1 0.33359375 0.9796875 0.0375 0.0375
1 0.246875 0.740625 0.04296875 0.10703125
1 0.2421875 0.6640625 0.03515625 0.05859375
1 0.26875 0.5640625 0.02109375 0.05859375
1 0.2234375 0.5625 0.02421875 0.053125
1 0.3671875 0.43671875 0.02578125 0.05703125
1 0.459375 0.3828125 0.0171875 0.04296875
1 0.2546875 0.40234375 0.028125 0.0625
1 0.34375 0.375 0.02421875 0.0359375
1 0.37734375 0.35859375 0.028125 0.046875
1 0.3640625 0.3203125 0.01640625 0.02109375
1 0.3390625 0.33671875 0.02578125 0.02890625
1 0.3296875 0.31015625 0.01796875 0.02890625
1 0.35625 0.29140625 0.01875 0.028125
1 0.3484375 0.2625 0.02890625 0.021875
1 0.3203125 0.2828125 0.01875 0.0234375
1 0.3171875 0.2671875 0.01796875 0.02109375
1 0.3359375 0.240625 0.01328125 0.0265625
1 0.33125 0.2140625 0.02265625 0.028125
1 0.3125 0.159375 0.01640625 0.02890625
1 0.2890625 0.1203125 0.01953125 0.034375
1 0.2515625 0.0515625 0.01015625 0.021875
1 0.26015625 0.03203125 0.0125 0.021875
1 0.234375 0.015625 0.01484375 0.02890625
1 0.2125 0.103125 0.01796875 0.0265625
1 0.2921875 0.19453125 0.02265625 0.028125
1 0.30546875 0.225 0.021875 0.03046875
1 0.3109375 0.246875 0.01953125 0.025
1 0.425 0.3015625 0.02265625 0.04453125
0 0.41171875 0.34140625 0.028125 0.08046875