0 0.39453125 0.44296875 0.0859375 0.2015625
0 0.68046875 0.87890625 0.1796875 0.2421875
1 0.3828125 0.3078125 0.0375 0.0625
1 0.3390625 0.36328125 0.0359375 0.0671875
1 0.33671875 0.23046875 0.034375 0.053125
1 0.3375 0.2890625 0.0359375 0.0625
1 0.56015625 0.8125 0.065625 0.1015625
1 0.490625 0.7328125 0.05625 0.0953125
1 0.54140625 0.69140625 0.0578125 0.0953125
1 0.525 0.55234375 0.0484375 0.078125
1 0.609375 0.67421875 0.05625 0.0890625
1 0.6140625 0.76953125 0.059375 0.0953125
1 0.696875 0.784375 0.0703125 0.0953125
1 0.5859375 0.56484375 0.0484375 0.0796875
1 0.375 0.22109375 0.0296875 0.0453125
1 0.36875 0.1796875 0.028125 0.05
1 0.3 0.3171875 0.03125 0.0609375
1 0.48046875 0.63359375 0.0625 0.09375