1 0.45703125 0.79375 0.0859375 0.10625
1 0.66953125 0.85625 0.0671875 0.0875
1 0.334375 0.4078125 0.034375 0.04375
1 0.4484375 0.9421875 0.06875 0.115625
1 0.271875 0.66015625 0.0453125 0.0703125
1 0.31015625 0.30859375 0.028125 0.0375
1 0.48984375 0.54140625 0.05 0.0546875
1 0.3875 0.38984375 0.03125 0.0421875
1 0.61796875 0.88671875 0.0640625 0.0953125
1 0.4625 0.42421875 0.0375 0.0484375
0 0.67734375 0.96171875 0.0921875 0.0421875
1 0.7234375 0.9359375 0.05625 0.0671875
1 0.32578125 0.65 0.040625 0.0578125
1 0.3640625 0.61953125 0.0390625 0.06875
1 0.34921875 0.57734375 0.0390625 0.059375
1 0.3296875 0.53046875 0.0421875 0.053125
1 0.30859375 0.596875 0.040625 0.078125
1 0.2875 0.57109375 0.0296875 0.0421875
1 0.2328125 0.5109375 0.0359375 0.05625
1 0.57734375 0.63515625 0.1078125 0.0984375
1 0.66953125 0.74140625 0.05625 0.08125
1 0.6734375 0.6796875 0.0625 0.071875
1 0.69609375 0.62265625 0.0828125 0.0703125
1 0.76640625 0.64921875 0.08125 0.0703125
1 0.990625 0.5828125 0.01875 0.05625
1 0.9671875 0.53203125 0.065625 0.0515625
1 0.43046875 0.378125 0.0328125 0.0390625
1 0.159375 0.1625 0.015625 0.0296875
1 0.15625 0.09140625 0.015625 0.0265625