0 0.37265625 0.22109375 0.04375 0.08125
1 0.5015625 0.84375 0.05 0.0765625
1 0.4046875 0.8 0.0609375 0.0921875
1 0.30703125 0.20546875 0.021875 0.0375
1 0.2734375 0.571875 0.0421875 0.0734375
1 0.390625 0.928125 0.0578125 0.1171875
1 0.33359375 0.278125 0.0234375 0.034375
1 0.29140625 0.9375 0.0578125 0.125
1 0.48984375 0.60703125 0.0671875 0.0609375
1 0.503125 0.5609375 0.05625 0.05
1 0.859375 0.63515625 0.0859375 0.0546875
1 0.97421875 0.59453125 0.0515625 0.0546875
1 0.4859375 0.44140625 0.0296875 0.046875
1 0.42578125 0.4265625 0.0203125 0.025
1 0.37890625 0.33203125 0.025 0.0390625
1 0.25546875 0.1109375 0.0203125 0.0265625