1 0.56484375 0.903125 0.05 0.0734375
1 0.28046875 0.8359375 0.04375 0.075
1 0.45234375 0.596875 0.034375 0.04921875
1 0.409375 0.503125 0.03125 0.040625
1 0.34375 0.77578125 0.0515625 0.09921875
1 0.26640625 0.72109375 0.03046875 0.0765625
1 0.2984375 0.646875 0.03046875 0.0765625
1 0.278125 0.55234375 0.02578125 0.0671875
1 0.3296875 0.50625 0.0234375 0.05390625
1 0.39453125 0.43515625 0.02578125 0.03984375
1 0.38203125 0.359375 0.021875 0.0328125
1 0.26015625 0.4796875 0.01875 0.0359375
1 0.2421875 0.4265625 0.0265625 0.040625
1 0.2296875 0.50703125 0.034375 0.08828125
1 0.23203125 0.35546875 0.0265625 0.034375
1 0.21640625 0.296875 0.0203125 0.0359375
1 0.19609375 0.221875 0.01171875 0.03046875
1 0.17421875 0.21640625 0.01328125 0.03046875
1 0.228125 0.1578125 0.01796875 0.028125
1 0.2640625 0.22265625 0.0171875 0.01953125
1 0.33828125 0.3296875 0.01640625 0.0265625
1 0.31015625 0.28046875 0.01875 0.0265625
1 0.303125 0.31875 0.01328125 0.0265625
1 0.2765625 0.3421875 0.021875 0.028125
1 0.265625 0.3 0.0125 0.02890625
1 0.29375 0.29375 0.0203125 0.02109375
1 0.27265625 0.3203125 0.01875 0.02109375
1 0.1890625 0.165625 0.0125 0.02265625
0 0.3609375 0.45703125 0.05390625 0.11484375