0 0.33125 0.5828125 0.08671875 0.17890625
1 0.47109375 0.403125 0.0296875 0.04609375
1 0.5390625 0.59453125 0.0609375 0.05
1 0.6140625 0.91171875 0.053125 0.08203125
1 0.54140625 0.8859375 0.05 0.08046875
1 0.33125 0.153125 0.0234375 0.028125
1 0.5734375 0.98046875 0.04921875 0.0359375
1 0.4890625 0.921875 0.04921875 0.0875
1 0.2828125 0.6375 0.0359375 0.075
1 0.265625 0.07421875 0.01640625 0.02890625
1 0.221875 0.065625 0.02265625 0.03046875
1 0.2359375 0.02109375 0.0171875 0.01953125
1 0.21171875 0.0171875 0.0203125 0.0234375