1 0.33359375 0.846875 0.059375 0.1
1 0.37890625 0.425 0.034375 0.0453125
1 0.43359375 0.878125 0.05625 0.0859375
1 0.58046875 0.971875 0.0546875 0.05625
1 0.6671875 0.98203125 0.06875 0.0359375
1 0.60703125 0.9140625 0.05 0.0875
1 0.61171875 0.83828125 0.04375 0.059375
1 0.59453125 0.784375 0.05 0.0609375
1 0.59609375 0.7265625 0.0453125 0.0484375
1 0.68203125 0.709375 0.078125 0.071875
1 0.84921875 0.71640625 0.0890625 0.06875
1 0.93984375 0.7265625 0.084375 0.078125
1 0.8546875 0.68828125 0.065625 0.05625
1 0.80546875 0.6609375 0.065625 0.046875
1 0.67578125 0.665625 0.06875 0.0625
1 0.65859375 0.63515625 0.0828125 0.0546875
1 0.5125 0.69140625 0.0765625 0.078125
2 0.52890625 0.571875 0.096875 0.109375
1 0.5 0.48671875 0.0359375 0.04375
1 0.38125 0.29609375 0.028125 0.034375
1 0.359375 0.24296875 0.0296875 0.03125
1 0.2796875 0.11796875 0.0234375 0.021875
1 0.31171875 0.0765625 0.015625 0.0234375
1 0.328125 0.0390625 0.009375 0.015625
1 0.3 0.29296875 0.025 0.05625
1 0.3046875 0.353125 0.028125 0.0421875
1 0.2921875 0.2359375 0.028125 0.040625
1 0.27578125 0.18046875 0.01875 0.03125
1 0.25390625 0.1484375 0.028125 0.0484375
1 0.225 0.721875 0.040625 0.065625
1 0.22109375 0.6625 0.0421875 0.0625
1 0.22890625 0.57890625 0.0484375 0.14375
0 0.3046875 0.54765625 0.1046875 0.171875
0 0.29453125 0.4359375 0.1328125 0.1546875
0 0.27421875 0.32109375 0.05 0.078125
0 0.2421875 0.27578125 0.0515625 0.1375
0 0.234375 0.17265625 0.034375 0.0703125
1 0.54296875 0.884375 0.0484375 0.084375
1 0.4875 0.8734375 0.05 0.0859375