0 0.64296875 0.75859375 0.2890625 0.4828125
1 0.2359375 0.11015625 0.0390625 0.075
1 0.346875 0.0921875 0.0375 0.0578125
1 0.321875 0.21953125 0.04375 0.0671875
1 0.1796875 0.02265625 0.034375 0.0453125
1 0.41875 0.10390625 0.0359375 0.05625
1 0.39296875 0.28515625 0.05 0.08125
1 0.36015625 0.01796875 0.0390625 0.0359375
1 0.29140625 0.07421875 0.0328125 0.05
1 0.61328125 0.584375 0.0546875 0.1078125
1 0.58125 0.48046875 0.06875 0.1015625
1 0.51015625 0.4515625 0.0609375 0.090625
1 0.54609375 0.37109375 0.053125 0.078125
1 0.43828125 0.42578125 0.0671875 0.0984375
1 0.478125 0.35078125 0.0515625 0.075
1 0.4859375 0.28125 0.0671875 0.071875
1 0.49453125 0.2265625 0.0515625 0.06875
1 0.321875 0.02265625 0.040625 0.0453125