1 0.496875 0.5828125 0.03828125 0.059375
1 0.5953125 0.76640625 0.05546875 0.06953125
1 0.28984375 0.3734375 0.028125 0.04453125
1 0.41796875 0.39375 0.0296875 0.04296875
1 0.37421875 0.85390625 0.0453125 0.10546875
1 0.3484375 0.66796875 0.03828125 0.071875
1 0.309375 0.746875 0.03828125 0.090625
1 0.2671875 0.92421875 0.0515625 0.13203125
1 0.24375 0.66953125 0.0390625 0.078125
1 0.2390625 0.609375 0.03203125 0.0625
1 0.37109375 0.259375 0.01875 0.034375
1 0.2296875 0.240625 0.02421875 0.04453125
1 0.353125 0.215625 0.01484375 0.028125
1 0.3375 0.24453125 0.0203125 0.0359375
1 0.3078125 0.24296875 0.0265625 0.028125
1 0.33203125 0.221875 0.0171875 0.021875
1 0.3265625 0.2015625 0.01953125 0.021875
1 0.2984375 0.21953125 0.01875 0.021875
1 0.3140625 0.1546875 0.01875 0.0234375
1 0.27890625 0.1 0.01875 0.01953125
1 0.25625 0.0484375 0.01640625 0.021875
1 0.22734375 0.1078125 0.0203125 0.03203125
0 0.3859375 0.209375 0.03828125 0.07890625