1 0.528125 0.57734375 0.05703125 0.0515625
1 0.371875 0.88046875 0.04453125 0.10546875
1 0.27734375 0.946875 0.05 0.103125
1 0.40234375 0.471875 0.0375 0.053125
1 0.48359375 0.4484375 0.03125 0.04140625
1 0.425 0.39453125 0.02734375 0.04140625
0 0.5 0.92265625 0.0921875 0.15390625
0 0.315625 0.57265625 0.09296875 0.1734375
0 0.2875 0.46015625 0.11796875 0.165625
0 0.253125 0.35 0.05078125 0.08046875
0 0.240625 0.5890625 0.04296875 0.1359375
0 0.215625 0.303125 0.0296875 0.128125
0 0.20390625 0.225 0.0265625 0.08359375
1 0.24453125 0.75078125 0.040625 0.08203125
1 0.240625 0.69921875 0.03359375 0.0734375
1 0.29921875 0.39921875 0.0265625 0.05703125
1 0.29296875 0.35390625 0.028125 0.0359375
1 0.2796875 0.31875 0.01953125 0.03203125
1 0.2703125 0.28515625 0.02265625 0.040625
1 0.2640625 0.26328125 0.02890625 0.034375
1 0.24921875 0.23046875 0.0234375 0.03046875
1 0.70703125 0.98046875 0.0484375 0.0390625
1 0.62578125 0.96953125 0.0484375 0.0609375
1 0.571875 0.978125 0.0421875 0.04296875
1 0.5328125 0.87421875 0.03515625 0.07890625
1 0.5828125 0.87890625 0.0375 0.06953125
1 0.65 0.90234375 0.03203125 0.09296875
1 0.64375 0.8265625 0.03203125 0.05546875
1 0.6265625 0.77421875 0.040625 0.05390625
1 0.62265625 0.715625 0.034375 0.0484375
1 0.96015625 0.67421875 0.0796875 0.0671875
1 0.896875 0.62109375 0.06875 0.04453125
1 0.8609375 0.67890625 0.06875 0.05
1 0.7859375 0.6265625 0.06328125 0.04140625
1 0.7015625 0.6828125 0.06640625 0.065625
1 0.6453125 0.6625 0.06953125 0.046875
1 0.63671875 0.61328125 0.0671875 0.0375
1 0.415625 0.29296875 0.025 0.03359375
1 0.41953125 0.33203125 0.025 0.04453125
1 0.215625 0.13125 0.03203125 0.02890625
1 0.3 0.203125 0.0171875 0.03359375
1 0.2703125 0.09453125 0.01171875 0.0109375