0 0.3890625 0.21015625 0.04765625 0.09609375
1 0.2734375 0.05390625 0.0125 0.01953125
1 0.346875 0.69921875 0.03046875 0.06796875
1 0.6640625 0.93671875 0.04921875 0.090625
1 0.6171875 0.8421875 0.03515625 0.10703125
1 0.62890625 0.765625 0.034375 0.0734375
1 0.6296875 0.72578125 0.03828125 0.059375
1 0.7234375 0.6734375 0.08515625 0.075
0 0.4625 0.58125 0.046875 0.0984375
1 0.29375 0.55234375 0.02734375 0.059375
1 0.24609375 0.746875 0.0484375 0.10390625
1 0.24375 0.6484375 0.03203125 0.0890625
1 0.240625 0.603125 0.02265625 0.03203125
1 0.225 0.55859375 0.021875 0.05859375
1 0.2734375 0.3078125 0.01953125 0.034375
1 0.3453125 0.35703125 0.01953125 0.0390625
1 0.3765625 0.359375 0.0234375 0.03203125
1 0.4546875 0.378125 0.01953125 0.03203125
1 0.23828125 0.028125 0.0140625 0.0125
1 0.2 0.096875 0.0140625 0.0265625
0 0.3140625 0.2578125 0.02578125 0.059375
1 0.39375 0.31328125 0.02421875 0.03203125
1 0.365625 0.3296875 0.02109375 0.03203125
1 0.3296875 0.334375 0.0234375 0.03359375
1 0.33046875 0.315625 0.0203125 0.03046875
1 0.31875 0.290625 0.01875 0.0265625
1 0.3578125 0.30390625 0.02734375 0.025
1 0.35703125 0.2796875 0.01875 0.0234375
1 0.36875 0.259375 0.01484375 0.03046875
1 0.3609375 0.228125 0.01640625 0.021875
1 0.3453125 0.26328125 0.01484375 0.015625
1 0.3421875 0.24609375 0.015625 0.021875
1 0.3328125 0.22890625 0.015625 0.021875
1 0.3234375 0.203125 0.028125 0.02890625
1 0.30625 0.22734375 0.02421875 0.02890625
1 0.296875 0.209375 0.025 0.025