0 0.3734375 0.2046875 0.05390625 0.0984375
0 0.30234375 0.746875 0.08125 0.29921875
1 0.34921875 0.6765625 0.0375 0.07578125
1 0.36953125 0.77734375 0.04609375 0.08984375
1 0.72265625 0.671875 0.07265625 0.0546875
1 0.234375 0.709375 0.03515625 0.07578125
1 0.4 0.9796875 0.046875 0.040625
1 0.35625 0.4109375 0.0390625 0.05390625
1 0.3328125 0.35859375 0.02734375 0.05546875
1 0.31328125 0.30546875 0.0171875 0.03203125
1 0.35234375 0.31640625 0.02734375 0.03984375
1 0.33671875 0.27578125 0.01875 0.03046875
1 0.30390625 0.278125 0.0234375 0.034375
1 0.3625 0.2546875 0.0203125 0.03828125
1 0.2875 0.23046875 0.0234375 0.02890625
1 0.2328125 0.15703125 0.025 0.0265625
1 0.21328125 0.13515625 0.028125 0.0234375
1 0.2578125 0.096875 0.01328125 0.01953125
1 0.246875 0.07109375 0.01328125 0.01875
1 0.221875 0.0234375 0.015625 0.01875
1 0.265625 0.175 0.02265625 0.028125
1 0.29453125 0.17734375 0.01484375 0.03203125
0 0.32265625 0.2125 0.040625 0.08828125
1 0.34921875 0.2203125 0.01484375 0.028125