0 0.56640625 0.88984375 0.1078125 0.21875
1 0.36640625 0.71484375 0.06953125 0.07578125
1 0.29140625 0.21953125 0.01875 0.03203125
1 0.38046875 0.8765625 0.040625 0.09609375
1 0.459375 0.615625 0.06171875 0.05390625
1 0.34765625 0.2140625 0.021875 0.0296875
1 0.259375 0.8734375 0.0390625 0.090625
1 0.59296875 0.6359375 0.06953125 0.05546875
1 0.38828125 0.31171875 0.02734375 0.040625
1 0.51328125 0.55390625 0.0484375 0.05625
1 0.4203125 0.39453125 0.034375 0.04609375
1 0.33515625 0.5765625 0.03359375 0.0796875
1 0.646875 0.9578125 0.04375 0.084375
1 0.6078125 0.8484375 0.0421875 0.08828125
1 0.22890625 0.29921875 0.0234375 0.04375
1 0.215625 0.52265625 0.0390625 0.08984375
1 0.28515625 0.6109375 0.0328125 0.06328125
1 0.2796875 0.5578125 0.040625 0.0625
1 0.2703125 0.50234375 0.0375 0.04765625
1 0.26015625 0.46015625 0.02734375 0.053125
1 0.25625 0.41171875 0.028125 0.0515625
1 0.22890625 0.1484375 0.01640625 0.040625
1 0.26796875 0.04765625 0.0125 0.02890625
1 0.2578125 0.08125 0.01484375 0.028125
1 0.22265625 0.1171875 0.01875 0.028125
1 0.19140625 0.10390625 0.01171875 0.03046875
1 0.21875 0.1015625 0.0125 0.02265625
1 0.2140625 0.08203125 0.0125 0.0234375