0 0.26484375 0.53984375 0.1484375 0.1921875
0 0.26953125 0.4546875 0.1078125 0.1453125
1 0.41171875 0.5515625 0.0484375 0.0609375
1 0.13359375 0.22265625 0.040625 0.0359375
1 0.19921875 0.19296875 0.025 0.0296875
1 0.28515625 0.6515625 0.046875 0.0703125
1 0.74921875 0.91875 0.0640625 0.0703125
1 0.48125 0.51484375 0.0484375 0.05625
1 0.3921875 0.39296875 0.0359375 0.04375
1 0.4234375 0.44921875 0.0390625 0.0484375
1 0.171875 0.1328125 0.01875 0.0265625
1 0.3203125 0.32109375 0.0328125 0.040625
1 0.57265625 0.58125 0.084375 0.06875
1 0.6953125 0.82890625 0.0875 0.1234375
1 0.6890625 0.9375 0.0734375 0.06875
1 0.62734375 0.95859375 0.0546875 0.0578125
1 0.59140625 0.88828125 0.0671875 0.09375
1 0.7453125 0.63125 0.075 0.059375
1 0.72421875 0.6015625 0.0796875 0.0734375
1 0.93125 0.5671875 0.08125 0.071875
1 0.9796875 0.5484375 0.040625 0.08125
0 0.36171875 0.60546875 0.08125 0.134375
1 0.42421875 0.38203125 0.0359375 0.0453125
1 0.29609375 0.275 0.0234375 0.0328125
1 0.3046875 0.24296875 0.0203125 0.03125
1 0.32421875 0.6359375 0.04375 0.0640625
1 0.6359375 0.85625 0.065625 0.0953125