0 0.24375 0.5359375 0.1109375 0.2
1 0.04609375 0.53671875 0.0421875 0.084375
1 0.1453125 0.79375 0.0546875 0.10625
1 0.1 0.3453125 0.034375 0.0484375
1 0.3328125 0.734375 0.0640625 0.0953125
1 0.09921875 0.6890625 0.0546875 0.1015625
1 0.1984375 0.93203125 0.0671875 0.128125
1 0.47421875 0.9703125 0.0703125 0.059375
1 0.35703125 0.9328125 0.0796875 0.1203125
1 0.0609375 0.740625 0.059375 0.1078125
1 0.0109375 0.15078125 0.021875 0.0328125
1 0.00703125 0.3953125 0.0140625 0.046875
1 0.03671875 0.2 0.0234375 0.0359375
0 0.00546875 0.07109375 0.0109375 0.0609375
1 0.29453125 0.29453125 0.05 0.040625