0 0.50234375 0.8796875 0.1578125 0.240625
1 0.47734375 0.54453125 0.0546875 0.0578125
1 0.3890625 0.41953125 0.028125 0.0421875
1 0.4171875 0.95234375 0.0609375 0.0765625
1 0.41171875 0.86953125 0.059375 0.078125
1 0.53515625 0.83046875 0.05 0.0796875
1 0.55859375 0.96328125 0.0703125 0.0734375
1 0.91953125 0.7421875 0.103125 0.0671875
1 0.5015625 0.49453125 0.040625 0.04375
1 0.32734375 0.58359375 0.0390625 0.071875
1 0.32578125 0.521875 0.0359375 0.0625
1 0.2765625 0.5703125 0.04375 0.0515625
1 0.2140625 0.64140625 0.0453125 0.0828125
1 0.22578125 0.5359375 0.0375 0.0671875
1 0.2796875 0.51328125 0.0421875 0.05625
1 0.2671875 0.475 0.0328125 0.0578125
0 0.365625 0.24765625 0.040625 0.0625
1 0.3578125 0.20390625 0.028125 0.040625
1 0.38046875 0.1953125 0.021875 0.03125
1 0.2984375 0.115625 0.028125 0.0375
1 0.29453125 0.0578125 0.015625 0.0234375
1 0.29140625 0.02109375 0.0203125 0.01875
1 0.2859375 0.0078125 0.01875 0.015625
1 0.67734375 0.709375 0.071875 0.0703125