0 0.3296875 0.884375 0.140625 0.23125
1 0.375 0.440625 0.0359375 0.04375
1 0.2390625 0.4921875 0.0359375 0.0515625
1 0.3640625 0.7515625 0.053125 0.0765625
1 0.4203125 0.59296875 0.05 0.0609375
1 0.32421875 0.528125 0.0390625 0.05
1 0.3046875 0.7453125 0.0484375 0.0796875
1 0.3 0.47734375 0.0296875 0.04375
1 0.28125 0.34296875 0.021875 0.0296875
1 0.25390625 0.3484375 0.0265625 0.0296875
1 0.23984375 0.38515625 0.0296875 0.0328125
1 0.2328125 0.3625 0.0265625 0.0296875
1 0.2234375 0.35390625 0.0296875 0.0359375
1 0.115625 0.2875 0.021875 0.03125
1 0.11796875 0.25 0.021875 0.03125
1 0.09453125 0.1890625 0.015625 0.025
1 0.10546875 0.14609375 0.0171875 0.0171875