1 0.43671875 0.503125 0.040625 0.053125
1 0.440625 0.3390625 0.02578125 0.0390625
1 0.6171875 0.6140625 0.08359375 0.05546875
1 0.2875 0.5921875 0.03515625 0.07109375
1 0.625 0.753125 0.04453125 0.06953125
1 0.6171875 0.8984375 0.053125 0.09140625
1 0.634375 0.98828125 0.04765625 0.0234375
1 0.91875 0.65390625 0.07421875 0.05859375
1 0.96953125 0.62578125 0.0609375 0.05390625
1 0.80625 0.62421875 0.0796875 0.0375
1 0.75 0.653125 0.075 0.0484375
1 0.4609375 0.71796875 0.06328125 0.071875
1 0.3375 0.58984375 0.03046875 0.0625
1 0.3296875 0.53046875 0.0359375 0.0609375
1 0.265625 0.440625 0.02890625 0.05390625
1 0.228125 0.540625 0.02734375 0.053125
1 0.2484375 0.35 0.02109375 0.0359375
1 0.321875 0.203125 0.0140625 0.0359375
1 0.2953125 0.2015625 0.02109375 0.01953125
1 0.30078125 0.1390625 0.01875 0.025
1 0.2546875 0.2125 0.021875 0.0390625
1 0.2234375 0.17578125 0.01640625 0.02890625
1 0.234375 0.12265625 0.01484375 0.0265625
1 0.2109375 0.12421875 0.01328125 0.02109375