0 0.33046875 0.7015625 0.1296875 0.253125
1 0.11171875 0.7296875 0.0546875 0.109375
1 0.48046875 0.89609375 0.0765625 0.1171875
1 0.05546875 0.840625 0.05625 0.1296875
1 0.09765625 0.24609375 0.040625 0.040625
1 0.43046875 0.784375 0.0609375 0.084375
1 0.21484375 0.3828125 0.0390625 0.05
1 0.26640625 0.575 0.040625 0.05625
1 0.23046875 0.50703125 0.0375 0.0671875
1 0.2046875 0.45 0.0375 0.053125
1 0.16015625 0.47421875 0.0375 0.046875
0 0.2 0.546875 0.059375 0.1203125
1 0.196875 0.26640625 0.0546875 0.0421875
1 0.0046875 0.12265625 0.009375 0.0390625