0 0.38671875 0.38203125 0.0546875 0.12421875
0 0.4453125 0.52890625 0.06953125 0.15703125
1 0.5375 0.67421875 0.04296875 0.06015625
1 0.2890625 0.67109375 0.03515625 0.07109375
1 0.59609375 0.82421875 0.05625 0.08359375
1 0.5921875 0.94140625 0.06015625 0.0859375
1 0.38203125 0.84453125 0.04140625 0.09375
1 0.3328125 0.96640625 0.04375 0.06640625
1 0.2640625 0.9546875 0.04296875 0.0875
1 0.30625 0.525 0.03125 0.06328125
1 0.2140625 0.521875 0.03515625 0.09140625
1 0.30078125 0.44375 0.028125 0.04921875
1 0.26484375 0.47265625 0.02890625 0.0625
1 0.28046875 0.36328125 0.0265625 0.04375
1 0.39375 0.29765625 0.0234375 0.03984375
1 0.24765625 0.38515625 0.0234375 0.0453125
1 0.2359375 0.34296875 0.01875 0.04765625
1 0.2625 0.29375 0.0234375 0.03671875
1 0.234375 0.171875 0.01875 0.03984375
1 0.328125 0.23046875 0.021875 0.034375
1 0.31328125 0.203125 0.0171875 0.0328125
1 0.28203125 0.1984375 0.01875 0.03203125
1 0.30234375 0.25234375 0.0234375 0.03671875
1 0.28984375 0.2265625 0.02734375 0.0328125
1 0.2296875 0.27734375 0.021875 0.040625
1 0.2046875 0.171875 0.01875 0.034375
1 0.1984375 0.12734375 0.01484375 0.025
1 0.2453125 0.221875 0.021875 0.040625
1 0.21953125 0.1078125 0.0140625 0.03828125
0 0.18828125 0.06953125 0.02421875 0.0671875