0 0.61640625 0.87109375 0.1375 0.24375
1 0.4421875 0.5328125 0.0484375 0.05625
0 0.25 0.5671875 0.121875 0.2171875
1 0.4140625 0.71484375 0.0828125 0.0875
1 0.34375 0.59140625 0.046875 0.0890625
1 0.32421875 0.5390625 0.0390625 0.053125
1 0.31015625 0.4984375 0.025 0.0328125
1 0.25234375 0.4734375 0.040625 0.059375
1 0.3171875 0.38046875 0.0296875 0.04375
1 0.39296875 0.39765625 0.0296875 0.0421875
1 0.396875 0.359375 0.028125 0.04375
1 0.4515625 0.46640625 0.0328125 0.0484375
1 0.48359375 0.440625 0.0359375 0.0515625
1 0.6578125 0.59765625 0.0890625 0.0625
1 0.9078125 0.5734375 0.0734375 0.059375
1 0.97578125 0.578125 0.0484375 0.06875
1 0.9875 0.525 0.025 0.053125
1 0.70390625 0.9234375 0.065625 0.103125
1 0.665625 0.84921875 0.0515625 0.0640625
1 0.2609375 0.21328125 0.021875 0.034375
1 0.2921875 0.21640625 0.0296875 0.040625
1 0.3015625 0.18984375 0.028125 0.034375
1 0.14765625 0.18515625 0.015625 0.0203125
0 0.13515625 0.13046875 0.0375 0.071875
1 0.16640625 0.14765625 0.0171875 0.028125
1 0.2078125 0.12265625 0.01875 0.034375