1 0.48125 0.684375 0.03671875 0.0609375
1 0.48671875 0.4296875 0.0296875 0.040625
1 0.45390625 0.3703125 0.025 0.0375
1 0.678125 0.6890625 0.046875 0.05859375
1 0.3484375 0.36953125 0.025 0.04140625
1 0.38125 0.86875 0.040625 0.090625
1 0.240625 0.60078125 0.03359375 0.059375
1 0.31875 0.515625 0.03359375 0.05703125
1 0.784375 0.684375 0.08984375 0.059375
1 0.9671875 0.62578125 0.065625 0.0515625
1 0.2125 0.203125 0.0421875 0.04140625
1 0.228125 0.146875 0.040625 0.028125
1 0.28984375 0.12890625 0.0203125 0.03359375
1 0.2609375 0.0703125 0.01484375 0.02109375