1 0.2078125 0.68359375 0.05625 0.096875
1 0.31875 0.7921875 0.0609375 0.1015625
1 0.525 0.83125 0.059375 0.084375
1 0.30546875 0.14921875 0.025 0.034375
1 0.41015625 0.9375 0.06875 0.1
1 0.56796875 0.96640625 0.1015625 0.0671875
1 0.45 0.653125 0.046875 0.0625
1 0.4828125 0.56015625 0.046875 0.059375
1 0.3265625 0.590625 0.0546875 0.078125
1 0.5015625 0.68359375 0.05 0.065625
1 0.375 0.35078125 0.034375 0.0421875
1 0.253125 0.94375 0.0421875 0.0390625
1 0.478125 0.44140625 0.0328125 0.046875
1 0.39140625 0.19140625 0.0328125 0.0375
1 0.39921875 0.5890625 0.0484375 0.0703125
0 0.434375 0.51796875 0.0578125 0.0953125