1 0.26484375 0.7484375 0.084375 0.096875
1 0.28515625 0.3984375 0.0375 0.05625
1 0.25 0.82265625 0.0609375 0.1
1 0.19140625 0.83359375 0.0671875 0.1140625
1 0.85625 0.7578125 0.090625 0.06875
1 0.440625 0.31953125 0.0390625 0.046875
1 0.25546875 0.6 0.059375 0.075
1 0.2015625 0.6890625 0.0609375 0.1171875
1 0.2140625 0.59765625 0.05 0.0765625
1 0.2171875 0.4921875 0.034375 0.0625
0 0.29609375 0.14375 0.0453125 0.0765625
0 0.396875 0.1015625 0.028125 0.0421875
0 0.7 0.6796875 0.140625 0.096875
1 0.8078125 0.68984375 0.090625 0.071875
1 0.68984375 0.72265625 0.0828125 0.0703125
1 0.9296875 0.76953125 0.0578125 0.0703125
1 0.9453125 0.72265625 0.0453125 0.053125
1 0.371875 0.109375 0.0265625 0.034375
1 0.28203125 0.1953125 0.028125 0.040625
1 0.31640625 0.12265625 0.01875 0.0203125
1 0.2765625 0.12421875 0.0125 0.0203125
1 0.2640625 0.1609375 0.0171875 0.025
1 0.2546875 0.20390625 0.021875 0.0390625