0 0.2703125 0.49921875 0.103125 0.1828125
1 0.47734375 0.5296875 0.04375 0.05625
1 0.26640625 0.64453125 0.0484375 0.08125
1 0.46015625 0.84375 0.0578125 0.0828125
1 0.31171875 0.728125 0.0609375 0.09375
1 0.49609375 0.67265625 0.0515625 0.0671875
1 0.4890625 0.3703125 0.0375 0.0453125
1 0.31875 0.321875 0.03125 0.046875
1 0.32734375 0.5546875 0.0515625 0.078125
1 0.4296875 0.265625 0.0328125 0.0390625
1 0.45 0.71484375 0.0515625 0.06875
1 0.39921875 0.9078125 0.0609375 0.0875
1 0.3984375 0.6015625 0.05625 0.0859375
1 0.5609375 0.790625 0.0515625 0.08125
1 0.58515625 0.7390625 0.05625 0.0609375
1 0.6578125 0.71953125 0.078125 0.0609375
1 0.93046875 0.74140625 0.0671875 0.0640625
1 0.921875 0.715625 0.0828125 0.059375
1 0.3734375 0.22890625 0.0296875 0.0421875
1 0.39296875 0.20546875 0.028125 0.0328125
1 0.38828125 0.17578125 0.0328125 0.034375
1 0.3625 0.16796875 0.025 0.034375
1 0.40546875 0.11484375 0.021875 0.028125
1 0.3171875 0.146875 0.03125 0.0375
1 0.2953125 0.071875 0.03125 0.0578125
1 0.29921875 0.02265625 0.0234375 0.0203125
1 0.36484375 0.04375 0.0171875 0.0296875
1 0.2453125 0.3828125 0.0390625 0.05625
1 0.4578125 0.9796875 0.046875 0.040625