0 0.70625 0.8515625 0.153125 0.2375
1 0.46875 0.7953125 0.0875 0.1125
1 0.61171875 0.665625 0.0890625 0.078125
1 0.60859375 0.8390625 0.0671875 0.090625
1 0.36328125 0.44609375 0.0390625 0.046875
1 0.3578125 0.34140625 0.0359375 0.0484375
1 0.50234375 0.54453125 0.0578125 0.065625
1 0.36875 0.94609375 0.075 0.1078125
1 0.36484375 0.63359375 0.0484375 0.0703125
1 0.28828125 0.7203125 0.046875 0.0734375
1 0.26796875 0.67109375 0.0421875 0.059375
1 0.315625 0.63125 0.04375 0.059375
1 0.3296875 0.56796875 0.040625 0.05625
1 0.32109375 0.525 0.0390625 0.0515625
1 0.303125 0.5890625 0.0421875 0.0546875
1 0.2453125 0.56328125 0.053125 0.0546875
1 0.27265625 0.51484375 0.0375 0.0640625
0 0.20625 0.4421875 0.09375 0.159375
1 0.2796875 0.2125 0.0265625 0.03125
1 0.25390625 0.21953125 0.028125 0.0375
1 0.18203125 0.22421875 0.0171875 0.01875
1 0.17265625 0.134375 0.015625 0.0296875
1 0.95703125 0.56875 0.0859375 0.078125
1 0.925 0.52734375 0.0875 0.06875
1 0.8984375 0.5609375 0.0734375 0.0640625
1 0.6796875 0.5828125 0.0828125 0.0703125