1 0.496875 0.67265625 0.0609375 0.0609375
1 0.4390625 0.58125 0.040625 0.0609375
1 0.271875 0.3875 0.028125 0.0453125
1 0.23828125 0.26015625 0.021875 0.03125
1 0.36796875 0.44140625 0.03125 0.04375
1 0.65703125 0.96875 0.0484375 0.0359375
1 0.39765625 0.95078125 0.06875 0.096875
1 0.690625 0.73359375 0.078125 0.071875
1 0.2515625 0.66328125 0.040625 0.0828125
1 0.3203125 0.5 0.03125 0.046875
1 0.27734375 0.33828125 0.025 0.0359375
0 0.57734375 0.94375 0.0953125 0.109375
1 0.80546875 0.84453125 0.0984375 0.1015625
1 0.759375 0.69296875 0.09375 0.0765625
1 0.32421875 0.7125 0.0390625 0.071875
1 0.30859375 0.64765625 0.0359375 0.0671875