0 0.4875 0.61171875 0.115625 0.2265625
0 0.3234375 0.5203125 0.09375 0.1921875
0 0.3953125 0.88515625 0.128125 0.2296875
0 0.2671875 0.53359375 0.06875 0.15625
1 0.590625 0.7078125 0.0515625 0.0671875
1 0.2328125 0.29375 0.0296875 0.0421875
1 0.35859375 0.45390625 0.0359375 0.0546875
1 0.45859375 0.415625 0.0359375 0.0453125
1 0.375 0.37421875 0.0296875 0.040625
1 0.20234375 0.2234375 0.025 0.03125
1 0.16640625 0.18828125 0.0234375 0.0390625
1 0.15703125 0.0953125 0.01875 0.021875
1 0.3578125 0.3078125 0.0265625 0.034375
1 0.51640625 0.56328125 0.034375 0.046875
1 0.47890625 0.515625 0.034375 0.0390625