1 0.33515625 0.97578125 0.0328125 0.0484375
1 0.5203125 0.9421875 0.0390625 0.059375
0 0.33984375 0.69921875 0.0421875 0.08125
0 0.378125 0.68515625 0.06875 0.1046875
0 0.2359375 0.89453125 0.05625 0.1625
1 0.28515625 0.934375 0.021875 0.046875
1 0.2734375 0.8640625 0.0234375 0.046875
1 0.31484375 0.71484375 0.025 0.040625
1 0.303125 0.6890625 0.0140625 0.0390625
1 0.29765625 0.62890625 0.015625 0.034375
1 0.25859375 0.66171875 0.0296875 0.025
1 0.25546875 0.73203125 0.03125 0.046875
1 0.2125 0.68515625 0.0375 0.0390625
1 0.22421875 0.59921875 0.01875 0.028125
1 0.22265625 0.58125 0.0171875 0.03125
1 0.22109375 0.51484375 0.0125 0.0328125