1 0.36875 0.84375 0.053125 0.1015625
1 0.4515625 0.503125 0.0359375 0.04609375
1 0.471875 0.403125 0.03046875 0.04609375
1 0.2484375 0.58359375 0.03515625 0.06640625
1 0.29375 0.59453125 0.0359375 0.06640625
1 0.6484375 0.7078125 0.0546875 0.0625
1 0.31171875 0.153125 0.0171875 0.025
1 0.596875 0.878125 0.05078125 0.07890625
1 0.6421875 0.96796875 0.05234375 0.0609375
1 0.29765625 0.19296875 0.0203125 0.03359375
1 0.3734375 0.36640625 0.02265625 0.0390625
1 0.31796875 0.27890625 0.0234375 0.0359375
1 0.3828125 0.440625 0.02734375 0.04453125
1 0.4125 0.35390625 0.02109375 0.03359375
1 0.36875 0.240625 0.01796875 0.02890625
1 0.328125 0.19140625 0.01640625 0.03359375
1 0.6109375 0.615625 0.05703125 0.04609375
1 0.96953125 0.61953125 0.0609375 0.05859375
1 0.81484375 0.625 0.071875 0.05546875