1 0.42421875 0.52890625 0.0359375 0.0484375
1 0.6875 0.93515625 0.06875 0.0796875
1 0.63359375 0.96796875 0.046875 0.0359375
1 0.359375 0.734375 0.0515625 0.0875
1 0.3109375 0.7640625 0.046875 0.065625
1 0.29296875 0.70546875 0.040625 0.059375
1 0.27421875 0.66328125 0.0421875 0.059375
1 0.2578125 0.35234375 0.028125 0.0375
1 0.24609375 0.384375 0.0296875 0.0359375
1 0.23203125 0.35859375 0.028125 0.0390625
1 0.17109375 0.3375 0.0296875 0.040625
1 0.2625 0.31796875 0.0328125 0.0390625
1 0.14140625 0.27421875 0.0234375 0.03125
1 0.19140625 0.25546875 0.0265625 0.0328125
1 0.1765625 0.2375 0.01875 0.0234375
1 0.12109375 0.29609375 0.01875 0.0296875
1 0.128125 0.2421875 0.025 0.034375
1 0.10546875 0.25 0.0203125 0.0265625
1 0.1125 0.27890625 0.025 0.028125