0 0.29765625 0.47578125 0.1671875 0.2046875
1 0.32890625 0.759375 0.078125 0.09375
1 0.4609375 0.6046875 0.0703125 0.0671875
1 0.4765625 0.96953125 0.059375 0.0609375
1 0.4078125 0.91328125 0.06875 0.096875
1 0.271875 0.8953125 0.06875 0.125
1 0.4265625 0.4546875 0.0484375 0.053125
1 0.28046875 0.56484375 0.04375 0.05625
1 0.49140625 0.55390625 0.0515625 0.0640625
1 0.63828125 0.68984375 0.0921875 0.0609375
1 0.68984375 0.66953125 0.0796875 0.05
1 0.8546875 0.70078125 0.096875 0.059375
1 0.48984375 0.428125 0.046875 0.0578125
1 0.484375 0.36640625 0.028125 0.0390625
1 0.4703125 0.32421875 0.0375 0.0421875
1 0.409375 0.2703125 0.028125 0.040625
2 0.37421875 0.30625 0.04375 0.06875
0 0.28828125 0.15234375 0.05625 0.096875
0 0.44921875 0.2046875 0.0515625 0.09375
0 0.3953125 0.1125 0.05625 0.0796875
1 0.3265625 0.41875 0.034375 0.05625
1 0.31796875 0.196875 0.034375 0.0484375
1 0.284375 0.06015625 0.015625 0.03125
1 0.30625 0.08828125 0.0203125 0.0296875
1 0.30703125 0.0609375 0.0203125 0.0265625
1 0.31015625 0.034375 0.0171875 0.0171875