0 0.3234375 0.6953125 0.12109375 0.2484375
1 0.10390625 0.715625 0.05078125 0.10703125
1 0.46640625 0.8953125 0.071875 0.11484375
1 0.04375 0.825 0.0515625 0.128125
1 0.10703125 0.23203125 0.03984375 0.03984375
1 0.4203125 0.78203125 0.0578125 0.08203125
1 0.21875 0.37265625 0.03671875 0.04921875
1 0.2640625 0.5671875 0.0390625 0.05546875
1 0.23046875 0.49765625 0.0359375 0.06640625
1 0.20625 0.43984375 0.0359375 0.0515625
1 0.1609375 0.4625 0.0359375 0.04609375
0 0.1984375 0.53671875 0.0546875 0.11875
1 0.20546875 0.25625 0.053125 0.03984375
1 0.00625 0.1484375 0.01171875 0.03203125
1 0.0140625 0.10625 0.01796875 0.03828125
1 0.00390625 0.27578125 0.0078125 0.03828125