0 0.65546875 0.88671875 0.140625 0.19375
1 0.35703125 0.75 0.0578125 0.0859375
1 0.5671875 0.75390625 0.053125 0.0734375
1 0.371875 0.98046875 0.0625 0.0390625
1 0.5640625 0.65625 0.05 0.065625
1 0.4171875 0.7671875 0.0546875 0.0828125
1 0.4515625 0.41953125 0.0390625 0.046875
1 0.49140625 0.72265625 0.0546875 0.071875
0 0.31640625 0.51015625 0.10625 0.1875
0 0.26328125 0.5671875 0.10625 0.15
0 0.225 0.46484375 0.0703125 0.1140625
1 0.1421875 0.14765625 0.0234375 0.025
1 0.11015625 0.115625 0.01875 0.021875
1 0.12734375 0.1078125 0.01875 0.025