0 0.2765625 0.5015625 0.159375 0.184375
1 0.26015625 0.32109375 0.028125 0.0421875
1 0.471875 0.43203125 0.0375 0.04375
1 0.30078125 0.61171875 0.040625 0.078125
2 0.62109375 0.61875 0.1171875 0.0875
1 0.8234375 0.6234375 0.0828125 0.053125
1 0.9859375 0.609375 0.028125 0.065625
1 0.53828125 0.59765625 0.0703125 0.065625
1 0.44921875 0.37578125 0.025 0.04375
1 0.42734375 0.33828125 0.025 0.040625
1 0.19453125 0.09375 0.0171875 0.03125
1 0.18125 0.05 0.021875 0.0265625
1 0.17421875 0.03359375 0.015625 0.021875
1 0.2140625 0.0421875 0.01875 0.0234375
0 0.3875 0.29765625 0.0421875 0.1
0 0.37890625 0.23203125 0.0390625 0.0640625
0 0.290625 0.1375 0.046875 0.08125
0 0.1703125 0.08515625 0.028125 0.0609375