0 0.259375 0.55625 0.1078125 0.165625
1 0.6625 0.84375 0.0609375 0.084375
1 0.521875 0.521875 0.04375 0.0546875
1 0.4171875 0.3625 0.0359375 0.0453125
1 0.7203125 0.92734375 0.071875 0.0828125
1 0.37109375 0.35390625 0.0328125 0.04375
1 0.60703125 0.865625 0.059375 0.0828125
1 0.2953125 0.2171875 0.025 0.034375
1 0.6390625 0.9375 0.0640625 0.0921875
1 0.32109375 0.64453125 0.0453125 0.0703125
1 0.3625 0.6125 0.0453125 0.0640625
1 0.33359375 0.56171875 0.04375 0.0609375
1 0.3234375 0.515625 0.0484375 0.053125
1 0.30390625 0.49140625 0.0421875 0.053125
1 0.290625 0.46328125 0.046875 0.046875
1 0.27578125 0.42578125 0.0375 0.04375
1 0.25625 0.48203125 0.028125 0.04375
1 0.2375 0.434375 0.0296875 0.05625
1 0.26640625 0.28828125 0.021875 0.034375
1 0.2734375 0.24921875 0.0203125 0.0359375
1 0.25390625 0.265625 0.0203125 0.0265625
1 0.2453125 0.24453125 0.0234375 0.0296875
1 0.22109375 0.16796875 0.01875 0.025
1 0.21796875 0.14375 0.0203125 0.03125
1 0.18125 0.115625 0.01875 0.025
1 0.1875 0.09140625 0.021875 0.025
1 0.15859375 0.09375 0.0234375 0.03125