1 0.54921875 0.80390625 0.046875 0.071875
1 0.46171875 0.6625 0.0359375 0.0609375
1 0.6 0.7796875 0.0453125 0.075
1 0.31796875 0.19140625 0.0234375 0.0328125
1 0.47421875 0.51171875 0.0359375 0.05
1 0.5203125 0.92734375 0.0515625 0.08125
1 0.23984375 0.88359375 0.0609375 0.1359375
0 0.34296875 0.64296875 0.10625 0.25
1 0.69453125 0.6984375 0.0671875 0.0609375
1 0.4296875 0.4953125 0.0359375 0.046875
1 0.49609375 0.446875 0.0359375 0.053125
1 0.446875 0.43671875 0.03125 0.040625
1 0.4078125 0.425 0.0328125 0.0453125
1 0.32421875 0.5 0.03125 0.0546875
1 0.32265625 0.459375 0.028125 0.0390625
1 0.31484375 0.41640625 0.0296875 0.0484375
1 0.26953125 0.48125 0.03125 0.05625
1 0.26484375 0.41015625 0.028125 0.0515625
1 0.29609375 0.31796875 0.028125 0.053125
1 0.25859375 0.31953125 0.0265625 0.05
1 0.2765625 0.26875 0.0296875 0.0359375
1 0.27109375 0.1890625 0.0203125 0.040625
1 0.26484375 0.11875 0.0234375 0.040625
1 0.30703125 0.08046875 0.0234375 0.0328125
1 0.25625 0.08125 0.0203125 0.025
1 0.2515625 0.04296875 0.01875 0.028125
1 0.2453125 0.01875 0.0171875 0.0296875