0 0.6390625 0.75859375 0.296875 0.4828125
1 0.2421875 0.10546875 0.040625 0.075
1 0.35390625 0.08984375 0.0375 0.0578125
1 0.32734375 0.21640625 0.04375 0.0671875
1 0.1875 0.0203125 0.034375 0.040625
1 0.42578125 0.10234375 0.0359375 0.05625
1 0.396875 0.28359375 0.0515625 0.08125
1 0.36875 0.0171875 0.040625 0.034375
1 0.29921875 0.07109375 0.0328125 0.05
1 0.61171875 0.5859375 0.05625 0.109375
1 0.58203125 0.48203125 0.0703125 0.1015625
1 0.5109375 0.4515625 0.0625 0.0921875
1 0.5484375 0.371875 0.0546875 0.0796875
1 0.43984375 0.42421875 0.06875 0.1
1 0.48046875 0.35078125 0.053125 0.0765625
1 0.48984375 0.28046875 0.0671875 0.0734375
1 0.49921875 0.2265625 0.053125 0.0703125
1 0.33046875 0.02109375 0.0421875 0.0421875