0 0.31015625 0.5046875 0.10625 0.165625
0 0.52890625 0.66015625 0.0953125 0.184375
1 0.46796875 0.703125 0.04375 0.0640625
1 0.5 0.84296875 0.0515625 0.078125
1 0.57734375 0.94453125 0.059375 0.090625
1 0.2859375 0.71953125 0.0453125 0.0921875
1 0.36328125 0.37734375 0.025 0.0359375
1 0.43125 0.746875 0.0453125 0.078125
1 0.34140625 0.6375 0.040625 0.0796875
1 0.28203125 0.6078125 0.034375 0.0625
1 0.22578125 0.6546875 0.0453125 0.0765625
1 0.26015625 0.33359375 0.025 0.0484375
1 0.28046875 0.234375 0.0265625 0.0484375
1 0.340625 0.27734375 0.0234375 0.0359375
1 0.3296875 0.240625 0.021875 0.0390625
1 0.35625 0.20078125 0.025 0.03125
1 0.35078125 0.18203125 0.0171875 0.0234375
1 0.33125 0.20703125 0.0203125 0.025
1 0.321875 0.18671875 0.0265625 0.0265625
0 0.321875 0.03984375 0.0359375 0.05625