1 0.51953125 0.69296875 0.084375 0.075
1 0.328125 0.73984375 0.06875 0.096875
1 0.51640625 0.89453125 0.0671875 0.0875
1 0.4828125 0.36484375 0.0359375 0.04375
1 0.39375 0.34609375 0.0375 0.046875
1 0.63984375 0.66015625 0.06875 0.053125
1 0.49765625 0.43125 0.040625 0.0515625
1 0.2875 0.92265625 0.05625 0.0890625
1 0.390625 0.13515625 0.025 0.028125
1 0.3625 0.16328125 0.0265625 0.0328125
1 0.2265625 0.553125 0.046875 0.071875
1 0.4578125 0.903125 0.065625 0.096875
1 0.3109375 0.2515625 0.034375 0.0453125
1 0.58984375 0.7390625 0.065625 0.0796875
1 0.503125 0.5875 0.075 0.0640625
1 0.9328125 0.7703125 0.04375 0.0625
1 0.95078125 0.7359375 0.03125 0.0546875
1 0.92890625 0.715625 0.06875 0.053125
1 0.7640625 0.7140625 0.090625 0.075
1 0.7453125 0.6828125 0.071875 0.0515625
1 0.68671875 0.734375 0.071875 0.0703125
1 0.28046875 0.565625 0.0421875 0.0640625
1 0.3296875 0.5515625 0.0375 0.0578125
1 0.325 0.48828125 0.040625 0.053125
1 0.28984375 0.51796875 0.0484375 0.0671875
1 0.2765625 0.48125 0.0390625 0.05
1 0.309375 0.0953125 0.0359375 0.025
1 0.26171875 0.215625 0.0265625 0.05
1 0.3171875 0.05546875 0.021875 0.034375
1 0.35 0.00703125 0.01875 0.0140625