0 0.296875 0.596875 0.103125 0.175
0 0.70546875 0.6359375 0.0890625 0.1125
1 0.44453125 0.48046875 0.0390625 0.05
1 0.62890625 0.87421875 0.05625 0.0765625
1 0.24375 0.278125 0.03125 0.0375
1 0.36015625 0.41328125 0.034375 0.040625
1 0.52421875 0.56953125 0.0609375 0.0578125
1 0.20703125 0.1765625 0.021875 0.028125
1 0.7 0.8578125 0.0703125 0.0921875
1 0.2765625 0.33984375 0.028125 0.0359375
1 0.328125 0.34609375 0.0375 0.0421875
1 0.6703125 0.94140625 0.0671875 0.0703125
1 0.9578125 0.56640625 0.084375 0.0640625
1 0.80234375 0.6046875 0.0828125 0.0765625
1 0.690625 0.715625 0.04375 0.071875
1 0.75234375 0.928125 0.05 0.0546875
1 0.31796875 0.80390625 0.0609375 0.0984375
1 0.29375 0.7375 0.05625 0.090625
1 0.24609375 0.62421875 0.0296875 0.05625
1 0.36875 0.6328125 0.04375 0.065625
1 0.3484375 0.5828125 0.0375 0.046875
1 0.32421875 0.55859375 0.0359375 0.0515625
1 0.3125 0.51484375 0.0296875 0.04375
1 0.1515625 0.10390625 0.03125 0.0265625
1 0.10078125 0.1140625 0.0125 0.015625
1 0.09765625 0.09453125 0.0203125 0.021875