0 0.728125 0.1484375 0.08125 0.140625
1 0.60234375 0.19140625 0.040625 0.065625
1 0.61328125 0.27578125 0.04375 0.071875
1 0.85 0.696875 0.06875 0.1
1 0.7609375 0.61484375 0.0625 0.084375
1 0.6578125 0.940625 0.071875 0.11875
1 0.7421875 0.2828125 0.0421875 0.0640625
1 0.7140625 0.3609375 0.046875 0.0671875
1 0.7 0.03203125 0.0359375 0.03125
1 0.628125 0.3984375 0.0484375 0.0796875
1 0.6359375 0.52421875 0.053125 0.103125
0 0.5109375 0.44453125 0.090625 0.215625
1 0.55625 0.1265625 0.0328125 0.0515625
1 0.68671875 0.21328125 0.040625 0.05
1 0.7796875 0.1875 0.0359375 0.053125
1 0.675 0.14765625 0.028125 0.0515625
1 0.671875 0.1125 0.034375 0.040625
1 0.6 0.0984375 0.0296875 0.0546875
1 0.59453125 0.04453125 0.03125 0.0546875