1 0.63671875 0.9390625 0.0546875 0.08359375
1 0.4828125 0.5296875 0.03984375 0.04609375
0 0.56640625 0.8921875 0.1078125 0.215625
1 0.4703125 0.584375 0.05625 0.04609375
1 0.703125 0.6171875 0.084375 0.04375
1 0.865625 0.60859375 0.07109375 0.05859375
1 0.9703125 0.64453125 0.0578125 0.05390625
1 0.96484375 0.621875 0.0703125 0.04609375
1 0.33203125 0.56796875 0.03671875 0.08359375
1 0.3203125 0.51953125 0.03515625 0.059375
1 0.49609375 0.4546875 0.034375 0.05546875
1 0.24609375 0.32734375 0.0234375 0.04609375
1 0.34765625 0.1640625 0.01953125 0.034375
1 0.21875 0.09921875 0.01484375 0.0234375
1 0.215625 0.0734375 0.015625 0.028125
0 0.19296875 0.07734375 0.02265625 0.0671875
0 0.21484375 0.4015625 0.04765625 0.16796875