1 0.2703125 0.65625 0.0484375 0.071875
1 0.63515625 0.778125 0.065625 0.0890625
1 0.28984375 0.47890625 0.04375 0.0609375
1 0.315625 0.60390625 0.046875 0.0703125
1 0.4953125 0.47265625 0.04375 0.053125
1 0.40703125 0.42421875 0.0359375 0.04375
1 0.97578125 0.5125 0.0484375 0.05
1 0.47265625 0.434375 0.0359375 0.040625
1 0.42734375 0.384375 0.034375 0.0484375
1 0.3734375 0.3625 0.0296875 0.05
0 0.30390625 0.3171875 0.0765625 0.1359375
0 0.2390625 0.25859375 0.0515625 0.0890625
1 0.27265625 0.32265625 0.0234375 0.0328125
1 0.2625 0.20390625 0.0296875 0.046875
1 0.159375 0.203125 0.01875 0.028125
1 0.1421875 0.09765625 0.0171875 0.028125