0 0.5140625 0.76484375 0.0625 0.103125
1 0.5609375 0.846875 0.0328125 0.0453125
1 0.609375 0.83203125 0.0390625 0.0578125
1 0.55078125 0.7515625 0.0359375 0.0703125
1 0.47890625 0.7109375 0.028125 0.0375
1 0.50078125 0.6984375 0.021875 0.0296875
1 0.4484375 0.71328125 0.0203125 0.034375
1 0.43203125 0.68671875 0.0234375 0.028125
1 0.3984375 0.58046875 0.015625 0.028125
1 0.36640625 0.5296875 0.01875 0.025
1 0.353125 0.51015625 0.0171875 0.025
1 0.4234375 0.60390625 0.0203125 0.021875
1 0.47109375 0.6421875 0.0203125 0.034375
1 0.45390625 0.6234375 0.0171875 0.0234375
1 0.421875 0.65859375 0.021875 0.028125
1 0.4125 0.6421875 0.0203125 0.0296875
1 0.434375 0.63515625 0.01875 0.0265625
0 0.45703125 0.6640625 0.0546875 0.084375