1 0.23671875 0.721875 0.0421875 0.0921875
1 0.4640625 0.38828125 0.0296875 0.04375
1 0.45859375 0.9015625 0.0515625 0.08125
1 0.60859375 0.97109375 0.0578125 0.0578125
1 0.58828125 0.9015625 0.0546875 0.08125
1 0.2625 0.440625 0.0328125 0.059375
1 0.2859375 0.584375 0.0375 0.0640625
1 0.321875 0.17109375 0.021875 0.0296875
0 0.52421875 0.896875 0.078125 0.165625
1 0.95390625 0.69609375 0.0765625 0.06875
1 0.478125 0.978125 0.05625 0.04375
1 0.33515625 0.584375 0.0375 0.0546875
1 0.3296875 0.5296875 0.034375 0.0484375
1 0.32265625 0.4859375 0.0375 0.05625