0 0.25390625 0.40234375 0.1078125 0.1625
1 0.559375 0.79765625 0.05625 0.078125
1 0.4984375 0.5765625 0.0671875 0.065625
1 0.44453125 0.8796875 0.065625 0.084375
1 0.4296875 0.46484375 0.0359375 0.0484375
1 0.3875 0.8875 0.0796875 0.1203125
1 0.5671875 0.95546875 0.078125 0.0890625
1 0.51328125 0.9734375 0.0765625 0.053125
1 0.5109375 0.8921875 0.059375 0.08125
1 0.45625 0.9859375 0.05 0.028125
1 0.91328125 0.73359375 0.0859375 0.0671875
1 0.93125 0.78984375 0.034375 0.05
1 0.32578125 0.521875 0.053125 0.075
1 0.275 0.5296875 0.0453125 0.065625
1 0.28984375 0.48203125 0.046875 0.05625
1 0.3328125 0.46796875 0.0453125 0.0546875
1 0.4578125 0.3875 0.0296875 0.0421875
1 0.496875 0.371875 0.0359375 0.0421875
1 0.409375 0.31328125 0.0390625 0.0484375
1 0.45390625 0.2765625 0.03125 0.0609375
1 0.43671875 0.2 0.0390625 0.04375
1 0.4046875 0.1765625 0.034375 0.0484375
1 0.375 0.16171875 0.03125 0.0375
1 0.403125 0.11875 0.028125 0.0359375
1 0.33515625 0.1203125 0.0296875 0.040625
1 0.38359375 0.06953125 0.025 0.03125
1 0.39921875 0.03203125 0.0234375 0.0296875
1 0.37265625 0.0140625 0.0234375 0.028125
1 0.36953125 0.009375 0.0359375 0.01875