0 0.478125 0.7765625 0.0859375 0.1265625
0 0.43125 0.8234375 0.0703125 0.1125
1 0.45546875 0.946875 0.040625 0.0484375
1 0.5046875 0.88359375 0.0328125 0.04375
1 0.41796875 0.88046875 0.034375 0.0421875
1 0.365625 0.9890625 0.040625 0.021875
1 0.39765625 0.96484375 0.0421875 0.05625
1 0.3390625 0.92421875 0.0296875 0.0546875
1 0.37578125 0.9140625 0.0328125 0.05
1 0.33984375 0.8390625 0.0375 0.0515625
1 0.36171875 0.71171875 0.034375 0.0453125
1 0.34375 0.7453125 0.0265625 0.0375
1 0.2875 0.7953125 0.028125 0.040625
1 0.31953125 0.79375 0.0265625 0.0328125
1 0.303125 0.76640625 0.025 0.0390625
1 0.27734375 0.7171875 0.021875 0.0390625
1 0.296875 0.75078125 0.021875 0.0265625
1 0.34296875 0.6765625 0.0265625 0.0328125
1 0.32890625 0.72421875 0.021875 0.0296875
1 0.2640625 0.684375 0.0234375 0.0328125
1 0.23046875 0.65859375 0.025 0.0375
1 0.2484375 0.64765625 0.0203125 0.0296875
1 0.240625 0.621875 0.021875 0.028125
0 0.26171875 0.81875 0.0609375 0.1375