0 0.59609375 0.8765625 0.1265625 0.2390625
1 0.37265625 0.3890625 0.034375 0.0421875
1 0.578125 0.67265625 0.0796875 0.071875
1 0.43359375 0.56015625 0.05 0.0546875
1 0.3125 0.88203125 0.0546875 0.103125
1 0.51875 0.54921875 0.0515625 0.053125
0 0.2640625 0.59375 0.1265625 0.225
0 0.1546875 0.1078125 0.034375 0.078125
1 0.265625 0.50546875 0.0296875 0.059375
1 0.3359375 0.58125 0.0390625 0.090625
1 0.3234375 0.52734375 0.028125 0.0421875
1 0.315625 0.50625 0.0359375 0.059375
1 0.378125 0.26171875 0.0296875 0.046875
1 0.4875 0.43671875 0.034375 0.0546875
1 0.97578125 0.60703125 0.0484375 0.0609375
1 0.871875 0.5953125 0.0796875 0.05625
1 0.85234375 0.578125 0.0875 0.059375
1 0.3171875 0.27734375 0.0265625 0.040625
1 0.3359375 0.24921875 0.021875 0.0375
1 0.315625 0.1765625 0.021875 0.028125
1 0.28046875 0.2015625 0.0234375 0.025
1 0.18828125 0.13203125 0.0203125 0.0390625
1 0.184375 0.10546875 0.01875 0.015625
1 0.1765625 0.08515625 0.0171875 0.0296875
1 0.68046875 0.93515625 0.065625 0.1015625
1 0.64375 0.85546875 0.0609375 0.08125