1 0.521875 0.6859375 0.04140625 0.0609375
1 0.44375 0.453125 0.028125 0.04609375
1 0.31171875 0.459375 0.028125 0.0484375
1 0.2734375 0.92734375 0.065625 0.1453125
1 0.24140625 0.671875 0.028125 0.0609375
1 0.23515625 0.6109375 0.03125 0.05546875
1 0.3171875 0.2609375 0.02578125 0.028125
1 0.2265625 0.24140625 0.0265625 0.03359375
1 0.2453125 0.2046875 0.01953125 0.034375
1 0.284375 0.1875 0.02109375 0.025
1 0.29140625 0.165625 0.025 0.0234375
1 0.22421875 0.146875 0.0296875 0.025
1 0.2046875 0.153125 0.034375 0.0234375
1 0.2078125 0.18984375 0.01640625 0.034375
1 0.27578125 0.09375 0.01875 0.01796875
1 0.6703125 0.9625 0.06171875 0.075