1 0.46484375 0.94609375 0.0375 0.05
1 0.30390625 0.94140625 0.0390625 0.0640625
1 0.43046875 0.83125 0.0328125 0.04375
1 0.45546875 0.7671875 0.0265625 0.0359375
1 0.4328125 0.7734375 0.0265625 0.0484375
1 0.34765625 0.84609375 0.028125 0.046875
1 0.35078125 0.92109375 0.034375 0.0515625
1 0.3109375 0.8671875 0.040625 0.0515625
1 0.34375 0.75390625 0.025 0.0484375
1 0.31015625 0.75 0.028125 0.0375
1 0.3125 0.69609375 0.028125 0.04375
1 0.34453125 0.70703125 0.021875 0.046875
0 0.41328125 0.6765625 0.05 0.0890625
1 0.31171875 0.64453125 0.0203125 0.034375
1 0.3375 0.6578125 0.0234375 0.0328125
1 0.3296875 0.5984375 0.0171875 0.0265625
1 0.3765625 0.659375 0.0171875 0.0328125
1 0.375 0.63828125 0.015625 0.025
1 0.41484375 0.5921875 0.01875 0.0265625
1 0.4046875 0.634375 0.0203125 0.021875
1 0.3953125 0.61015625 0.015625 0.0265625
1 0.37109375 0.6046875 0.0234375 0.021875
1 0.37578125 0.62578125 0.0203125 0.0234375
1 0.33046875 0.534375 0.0125 0.0203125
1 0.37734375 0.5328125 0.0203125 0.028125