0 0.2109375 0.43671875 0.0890625 0.18046875
1 0.034375 0.46328125 0.03203125 0.06875
1 0.27421875 0.62265625 0.0484375 0.075
1 0.1234375 0.36640625 0.03125 0.05390625
1 0.0609375 0.1375 0.02421875 0.0359375
1 0.159375 0.4640625 0.03828125 0.0546875
1 0.19609375 0.5671875 0.04375 0.0640625
1 0.29375 0.82421875 0.059375 0.09609375
1 0.25078125 0.30546875 0.03203125 0.046875
1 0.09609375 0.4265625 0.03203125 0.05078125
1 0.01640625 0.05546875 0.01875 0.0265625
1 0.215625 0.3625 0.03359375 0.0453125
1 0.43046875 0.24765625 0.0390625 0.034375
1 0.00703125 0.14453125 0.0140625 0.034375