0 0.6265625 0.89453125 0.11171875 0.20859375
1 0.36796875 0.403125 0.0296875 0.04296875
1 0.95625 0.646875 0.07578125 0.0640625
1 0.765625 0.62734375 0.08125 0.040625
1 0.734375 0.68046875 0.07890625 0.05546875
1 0.56953125 0.6328125 0.075 0.04296875
1 0.4765625 0.59453125 0.07109375 0.04140625
1 0.515625 0.56875 0.0453125 0.05390625
1 0.4234375 0.44140625 0.02109375 0.0390625
1 0.3390625 0.59296875 0.03359375 0.0640625
1 0.321875 0.528125 0.03828125 0.046875
1 0.265625 0.91875 0.06015625 0.12109375
1 0.2421875 0.66875 0.02890625 0.0734375
1 0.240625 0.6109375 0.03359375 0.053125
1 0.290625 0.58125 0.0328125 0.065625
1 0.2875 0.52890625 0.034375 0.05546875
1 0.2609375 0.27890625 0.02421875 0.03359375
1 0.2296875 0.23046875 0.0203125 0.0359375
1 0.28125 0.10625 0.015625 0.040625
1 0.28125 0.046875 0.015625 0.03203125
1 0.253125 0.05546875 0.01015625 0.028125
1 0.2328125 0.48515625 0.03828125 0.059375
0 0.215625 0.37578125 0.04609375 0.15390625