0 0.4046875 0.3171875 0.15 0.26875
0 0.68984375 0.78359375 0.2515625 0.4015625
0 0.29609375 0.10390625 0.1125 0.165625
1 0.16640625 0.1984375 0.05 0.0859375
1 0.18671875 0.41796875 0.0578125 0.10625
1 0.059375 0.12265625 0.0421875 0.0703125
1 0.43671875 0.23515625 0.0609375 0.08125
1 0.34296875 0.60859375 0.0765625 0.14375
1 0.62578125 0.56953125 0.0703125 0.1125
1 0.57578125 0.4640625 0.0765625 0.1109375
1 0.51875 0.36796875 0.0703125 0.0796875
1 0.8265625 0.871875 0.1265625 0.178125
0 0.3328125 0.7515625 0.253125 0.496875