1 0.4203125 0.76484375 0.096875 0.1609375
1 0.3 0.31953125 0.0671875 0.0953125
1 0.14765625 0.36484375 0.0640625 0.103125
1 0.69140625 0.83125 0.1234375 0.1859375
1 0.10625 0.11875 0.046875 0.0703125
1 0.2625 0.44609375 0.06875 0.1140625
1 0.8859375 0.875 0.1171875 0.1234375
1 0.42265625 0.2390625 0.0640625 0.0828125
1 0.57421875 0.4640625 0.0859375 0.1171875
1 0.5125 0.36875 0.0671875 0.0890625
1 0.4984375 0.4859375 0.0828125 0.1125
1 0.62890625 0.565625 0.0828125 0.121875
1 0.18984375 0.2765625 0.0609375 0.1078125
1 0.1984375 0.06875 0.0375 0.0375