1 0.45625 0.36875 0.02734375 0.040625
1 0.284375 0.34296875 0.028125 0.04140625
1 0.3234375 0.28125 0.02578125 0.0375
1 0.33125 0.55859375 0.03515625 0.0640625
0 0.228125 0.43828125 0.04609375 0.13203125
1 0.2671875 0.26171875 0.021875 0.04296875
1 0.23125 0.23828125 0.01953125 0.034375
1 0.25703125 0.19765625 0.01875 0.040625
1 0.234375 0.16796875 0.01328125 0.025
1 0.234375 0.12109375 0.01328125 0.01953125
0 0.2015625 0.09921875 0.0328125 0.06796875
1 0.94375 0.65546875 0.08984375 0.075
1 0.86484375 0.61640625 0.065625 0.04453125
1 0.790625 0.65 0.078125 0.03359375
1 0.440625 0.334375 0.01640625 0.03359375