1 0.384375 0.95703125 0.046875 0.0859375
1 0.41796875 0.39140625 0.0296875 0.0421875
1 0.51015625 0.54609375 0.040625 0.0515625
1 0.34375 0.59921875 0.0453125 0.0796875
1 0.31484375 0.22890625 0.0234375 0.03125
1 0.61953125 0.8765625 0.05625 0.08125
1 0.41953125 0.46171875 0.0328125 0.0453125
1 0.27578125 0.846875 0.0453125 0.0875
1 0.26171875 0.753125 0.046875 0.1015625
1 0.25 0.66171875 0.040625 0.0765625
1 0.22578125 0.575 0.0234375 0.0640625
1 0.29765625 0.60625 0.03125 0.06875
1 0.63359375 0.759375 0.0328125 0.0703125
1 0.659375 0.96640625 0.0515625 0.0546875
1 0.6625 0.703125 0.0625 0.059375
1 0.61015625 0.6328125 0.0765625 0.0546875
1 0.6078125 0.603125 0.075 0.03125
1 0.74375 0.67421875 0.0796875 0.0578125
1 0.76953125 0.6328125 0.0890625 0.059375
1 0.81328125 0.61171875 0.053125 0.034375
1 0.90859375 0.65546875 0.0828125 0.040625
1 0.98125 0.64296875 0.0375 0.0609375
1 0.3109375 0.16640625 0.021875 0.0296875
1 0.24375 0.1796875 0.028125 0.0265625
1 0.23203125 0.16015625 0.0421875 0.021875
1 0.165625 0.15234375 0.03125 0.028125
1 0.21953125 0.259375 0.0203125 0.0390625
1 0.2296875 0.303125 0.01875 0.034375
1 0.23203125 0.3734375 0.01875 0.0421875
1 0.26328125 0.4265625 0.028125 0.0484375
0 0.2171875 0.41875 0.0484375 0.1328125
1 0.1921875 0.284375 0.021875 0.0328125