1 0.42265625 0.9203125 0.059375 0.1140625
1 0.30078125 0.20546875 0.0265625 0.03125
1 0.65703125 0.86171875 0.0640625 0.0859375
1 0.35 0.43828125 0.034375 0.04375
1 0.40859375 0.4765625 0.034375 0.0484375
1 0.43515625 0.378125 0.034375 0.04375
1 0.70390625 0.940625 0.065625 0.0703125
1 0.6046875 0.890625 0.0609375 0.09375
1 0.66015625 0.753125 0.0609375 0.090625
1 0.46484375 0.42421875 0.0359375 0.0484375
1 0.49453125 0.54609375 0.05 0.053125
1 0.66953125 0.690625 0.0625 0.078125
1 0.503125 0.60078125 0.075 0.0734375
1 0.7625 0.65234375 0.0671875 0.0625
1 0.62421875 0.5953125 0.078125 0.0484375
1 0.85390625 0.57578125 0.0765625 0.0515625
1 0.9890625 0.59609375 0.021875 0.0578125
1 0.2671875 0.6546875 0.0390625 0.0640625
1 0.2546875 0.5890625 0.0421875 0.0640625
1 0.2828125 0.56015625 0.0296875 0.05625
1 0.31015625 0.590625 0.046875 0.08125
1 0.31953125 0.6390625 0.0375 0.05625
1 0.36015625 0.61171875 0.040625 0.0640625
1 0.3453125 0.565625 0.034375 0.04375
1 0.32734375 0.5296875 0.0421875 0.0578125
1 0.3 0.334375 0.0296875 0.0390625
1 0.31875 0.3 0.0265625 0.0453125
1 0.2859375 0.3015625 0.0296875 0.040625
1 0.2234375 0.12265625 0.0171875 0.0328125
1 0.16875 0.15078125 0.01875 0.0296875
1 0.16328125 0.07109375 0.0125 0.0234375