0 0.384375 0.384375 0.05625 0.125
0 0.44609375 0.5296875 0.071875 0.1578125
1 0.540625 0.6734375 0.04375 0.0609375
1 0.2921875 0.675 0.0359375 0.071875
1 0.6015625 0.82265625 0.0578125 0.084375
1 0.6 0.93984375 0.0609375 0.0875
1 0.38828125 0.846875 0.04375 0.09375
1 0.33984375 0.96796875 0.0453125 0.0640625
1 0.271875 0.95703125 0.04375 0.0859375
1 0.30703125 0.528125 0.0328125 0.0640625
1 0.21484375 0.5265625 0.0375 0.0921875
1 0.3 0.446875 0.0296875 0.05
1 0.2640625 0.4765625 0.0296875 0.0625
1 0.278125 0.3671875 0.0265625 0.04375
1 0.390625 0.29921875 0.0234375 0.040625
1 0.2453125 0.38984375 0.025 0.0453125
1 0.23359375 0.34765625 0.0203125 0.0484375
1 0.25859375 0.29765625 0.0234375 0.0375
1 0.22890625 0.1765625 0.01875 0.040625
1 0.3234375 0.23359375 0.021875 0.034375
1 0.3078125 0.20625 0.0171875 0.0328125
1 0.2765625 0.20234375 0.01875 0.0328125
1 0.2984375 0.25546875 0.0234375 0.0375
1 0.28515625 0.23046875 0.028125 0.0328125
1 0.22578125 0.28203125 0.021875 0.040625
1 0.19921875 0.17734375 0.01875 0.034375
1 0.1921875 0.1328125 0.015625 0.025
1 0.240625 0.2265625 0.021875 0.040625
1 0.2125 0.1125 0.0140625 0.0390625
0 0.18046875 0.075 0.025 0.0671875