0 0.7078125 0.6859375 0.07578125 0.15546875
0 0.5953125 0.325 0.03359375 0.06640625
1 0.5359375 0.59765625 0.03125 0.05625
1 0.5640625 0.70859375 0.0375 0.06796875
1 0.60625 0.89296875 0.046875 0.1109375
1 0.63671875 0.4328125 0.02890625 0.04140625
1 0.7703125 0.69921875 0.03984375 0.06640625
1 0.525 0.51640625 0.02890625 0.0515625
1 0.71796875 0.5984375 0.03671875 0.06015625
1 0.86640625 0.81953125 0.04765625 0.07421875
1 0.61484375 0.6 0.03046875 0.0515625
1 0.65390625 0.5640625 0.03046875 0.059375
1 0.678125 0.52578125 0.0359375 0.0671875
1 0.6125 0.56015625 0.03828125 0.028125
1 0.5171875 0.46796875 0.028125 0.05
1 0.4890625 0.365625 0.0171875 0.04609375
1 0.484375 0.3328125 0.0234375 0.0359375
1 0.48125 0.30078125 0.021875 0.028125
1 0.4765625 0.2828125 0.01640625 0.02890625
1 0.47734375 0.26171875 0.015625 0.02109375
1 0.471875 0.24375 0.021875 0.0234375
1 0.46328125 0.1765625 0.0125 0.01953125
1 0.46328125 0.153125 0.0140625 0.03203125
1 0.459375 0.15 0.0015625 0.0015625
1 0.4546875 0.109375 0.01796875 0.03046875
0 0.4625 0.4234375 0.03671875 0.10859375
0 0.44453125 0.2859375 0.03359375 0.0953125