1 0.53515625 0.940625 0.0421875 0.059375
1 0.30625 0.85078125 0.03125 0.059375
1 0.2234375 0.7015625 0.025 0.034375
1 0.29296875 0.68671875 0.0265625 0.03125
1 0.23125 0.60859375 0.0203125 0.0296875
1 0.2609375 0.565625 0.0203125 0.0265625
1 0.22421875 0.5796875 0.01875 0.028125
1 0.2171875 0.55390625 0.01875 0.0328125
1 0.2203125 0.51171875 0.0203125 0.03125
1 0.20546875 0.51640625 0.015625 0.021875
0 0.31875 0.66875 0.05625 0.0859375
0 0.35234375 0.6578125 0.0578125 0.0875
0 0.24765625 0.89453125 0.065625 0.1359375