1 0.40703125 0.48125 0.040625 0.0515625
1 0.5625 0.9 0.0640625 0.0953125
1 0.6796875 0.846875 0.071875 0.0875
1 0.45234375 0.41875 0.0359375 0.046875
1 0.68828125 0.66484375 0.0671875 0.071875
1 0.36171875 0.97890625 0.0640625 0.0421875
0 0.6640625 0.93515625 0.0953125 0.096875
0 0.31796875 0.51015625 0.0953125 0.1875
0 0.25859375 0.559375 0.1078125 0.1546875
0 0.23125 0.4515625 0.0640625 0.0875
1 0.715625 0.92421875 0.0640625 0.0921875
1 0.359375 0.6359375 0.0453125 0.078125
1 0.315625 0.63828125 0.0390625 0.071875