1 0.65 0.9515625 0.0640625 0.071875
1 0.47265625 0.61328125 0.0359375 0.0546875
1 0.59140625 0.9828125 0.0515625 0.025
1 0.9765625 0.70703125 0.046875 0.0640625
1 0.34140625 0.72421875 0.0453125 0.0796875
1 0.29140625 0.746875 0.046875 0.0703125
1 0.27578125 0.69296875 0.0390625 0.071875
1 0.2625 0.64375 0.040625 0.0640625
1 0.31796875 0.3484375 0.0234375 0.0375
1 0.26328125 0.37890625 0.03125 0.0375
1 0.275 0.3296875 0.0234375 0.0375
1 0.24921875 0.34765625 0.0265625 0.0328125
1 0.24296875 0.26875 0.0296875 0.03125
1 0.221875 0.24140625 0.0140625 0.021875
1 0.17265625 0.27109375 0.0234375 0.025
1 0.1390625 0.25078125 0.021875 0.0328125
1 0.16015625 0.23125 0.01875 0.0265625
1 0.15078125 0.203125 0.0234375 0.0234375