0 0.60703125 0.88046875 0.1296875 0.228125
1 0.38984375 0.72734375 0.0765625 0.0828125
1 0.26328125 0.24296875 0.021875 0.034375
1 0.4203125 0.88671875 0.05 0.1
1 0.471875 0.61953125 0.0671875 0.059375
1 0.31875 0.23125 0.025 0.03125
1 0.3 0.896875 0.0484375 0.09375
1 0.60703125 0.62578125 0.075 0.0625
1 0.36953125 0.32421875 0.03125 0.04375
1 0.51875 0.55234375 0.0546875 0.0609375
1 0.409375 0.403125 0.0390625 0.05
1 0.34375 0.59375 0.0421875 0.0828125
1 0.69375 0.93984375 0.0515625 0.0890625
1 0.64375 0.83515625 0.0515625 0.0921875
1 0.209375 0.32890625 0.028125 0.0453125
1 0.21953125 0.55234375 0.0484375 0.09375
1 0.29765625 0.6328125 0.0390625 0.065625
1 0.28671875 0.58046875 0.046875 0.065625
1 0.271875 0.5265625 0.0421875 0.0515625
1 0.25703125 0.48515625 0.0328125 0.05625
1 0.2484375 0.4375 0.0328125 0.0546875
1 0.19375 0.17890625 0.0203125 0.0421875
1 0.221875 0.07421875 0.015625 0.0296875
1 0.215625 0.10859375 0.0171875 0.0296875
1 0.184375 0.1484375 0.021875 0.0296875
1 0.1515625 0.13828125 0.0140625 0.03125
1 0.17890625 0.1328125 0.0140625 0.0234375
1 0.171875 0.1140625 0.015625 0.025