1 0.75625 0.678125 0.0578125 0.0484375
1 0.328125 0.78125 0.04375 0.0921875
1 0.62890625 0.7359375 0.0390625 0.065625
1 0.38671875 0.66796875 0.0671875 0.071875
1 0.49453125 0.55546875 0.034375 0.0515625
1 0.259375 0.68828125 0.04375 0.078125
1 0.528125 0.82421875 0.05 0.0765625
1 0.3109375 0.51953125 0.03125 0.0578125
1 0.6625 0.90703125 0.0546875 0.0875
1 0.4375 0.54453125 0.0359375 0.053125
1 0.97109375 0.63046875 0.0578125 0.0546875
1 0.95859375 0.60625 0.0828125 0.053125
1 0.90234375 0.65625 0.0859375 0.0515625
1 0.53671875 0.6640625 0.040625 0.0515625
1 0.50859375 0.70625 0.040625 0.071875
1 0.44375 0.44921875 0.03125 0.046875
1 0.4578125 0.378125 0.03125 0.0453125
1 0.40390625 0.38125 0.0234375 0.034375
1 0.3921875 0.32265625 0.025 0.0390625
1 0.35234375 0.396875 0.0234375 0.0390625
1 0.32265625 0.3078125 0.0296875 0.0546875
1 0.3546875 0.2421875 0.0265625 0.0296875
1 0.3578125 0.19140625 0.021875 0.034375
1 0.3171875 0.22578125 0.0265625 0.034375
0 0.24609375 0.3375 0.034375 0.08125
1 0.20234375 0.19296875 0.021875 0.0296875
1 0.28984375 0.221875 0.01875 0.0375
1 0.22890625 0.15625 0.0171875 0.03125
1 0.2640625 0.103125 0.01875 0.0234375
1 0.19375 0.109375 0.0171875 0.0375
1 0.2015625 0.0671875 0.0203125 0.028125
1 0.1953125 0.03515625 0.015625 0.028125
1 0.253125 0.046875 0.01875 0.0296875