1 0.39765625 0.4890625 0.03125 0.0515625
1 0.4109375 0.58515625 0.03828125 0.05390625
1 0.60703125 0.9828125 0.046875 0.03203125
1 0.484375 0.71953125 0.07734375 0.06328125
1 0.34375 0.35546875 0.02421875 0.03671875
1 0.58828125 0.71328125 0.07890625 0.06953125
1 0.771875 0.8859375 0.10390625 0.1
1 0.28984375 0.38828125 0.0234375 0.0390625
0 0.5359375 0.94921875 0.0828125 0.1015625
1 0.8984375 0.69140625 0.1125 0.0859375
1 0.30078125 0.69453125 0.03125 0.06875
1 0.290625 0.62890625 0.03046875 0.0703125
1 0.2375 0.6546875 0.03671875 0.08984375
1 0.26640625 0.31015625 0.01484375 0.0328125
1 0.2671875 0.26953125 0.0234375 0.025