0 0.3359375 0.596875 0.08203125 0.18359375
1 0.471875 0.403125 0.03046875 0.046875
1 0.565625 0.965625 0.04921875 0.065625
1 0.609375 0.8953125 0.0515625 0.07890625
1 0.48828125 0.91953125 0.0484375 0.0890625
1 0.40625 0.35390625 0.02421875 0.0390625
1 0.5421875 0.8859375 0.05 0.08046875
1 0.24375 0.2 0.0171875 0.025
1 0.3328125 0.15546875 0.02265625 0.03359375
1 0.228125 0.0984375 0.01328125 0.03046875
1 0.2171875 0.059375 0.01640625 0.02109375
1 0.2125 0.03125 0.01640625 0.01796875
1 0.21171875 0.01171875 0.0171875 0.0234375
1 0.28515625 0.628125 0.0328125 0.08046875