0 0.5125 0.5765625 0.0765625 0.1640625
0 0.4203125 0.6109375 0.0875 0.1828125
0 0.4171875 0.4265625 0.06875 0.1328125
0 0.50234375 0.83203125 0.0890625 0.1890625
0 0.23046875 0.34921875 0.05 0.11875
1 0.31875 0.47890625 0.034375 0.05625
1 0.603125 0.82265625 0.0515625 0.0703125
1 0.44609375 0.92578125 0.0546875 0.0875
1 0.571875 0.91171875 0.0578125 0.084375
1 0.609375 0.7375 0.0390625 0.08125
1 0.73046875 0.6796875 0.096875 0.09375
1 0.225 0.71875 0.0546875 0.090625
1 0.228125 0.646875 0.040625 0.059375
1 0.22890625 0.59609375 0.0296875 0.04375
1 0.221875 0.53359375 0.0265625 0.0609375
1 0.30546875 0.38203125 0.021875 0.046875
1 0.3828125 0.33203125 0.025 0.040625
1 0.4109375 0.3 0.0203125 0.034375
1 0.3671875 0.27421875 0.03125 0.0296875
1 0.38515625 0.209375 0.021875 0.0296875
1 0.3390625 0.22421875 0.028125 0.0328125
1 0.353125 0.20703125 0.0171875 0.0265625
1 0.35625 0.1671875 0.0203125 0.021875
1 0.3484375 0.18984375 0.015625 0.0296875
1 0.32421875 0.20078125 0.0234375 0.0203125
1 0.32421875 0.18125 0.0140625 0.021875
1 0.26953125 0.15703125 0.01875 0.0296875
1 0.26640625 0.10390625 0.0171875 0.021875
1 0.259375 0.059375 0.021875 0.0296875
1 0.2640625 0.02265625 0.021875 0.0359375
0 0.23671875 0.22890625 0.053125 0.125