1 0.7015625 0.73828125 0.0640625 0.0578125
1 0.26171875 0.72734375 0.059375 0.0984375
1 0.56328125 0.76171875 0.0515625 0.0703125
1 0.34765625 0.6328125 0.078125 0.0828125
1 0.48046875 0.55234375 0.04375 0.05625
1 0.21875 0.61953125 0.0578125 0.084375
1 0.44296875 0.8203125 0.0625 0.084375
1 0.31171875 0.4703125 0.0421875 0.0625
1 0.5515625 0.93515625 0.0703125 0.0953125
1 0.428125 0.5265625 0.0453125 0.0578125
1 0.9234375 0.7484375 0.0703125 0.065625
1 0.9171875 0.7234375 0.0953125 0.06875
1 0.8484375 0.75546875 0.0921875 0.065625
1 0.49296875 0.66875 0.0484375 0.0578125
1 0.45546875 0.7015625 0.053125 0.078125
1 0.45859375 0.43671875 0.0390625 0.0515625
1 0.490625 0.37109375 0.0390625 0.05
1 0.4375 0.36015625 0.0296875 0.0390625
1 0.4421875 0.30078125 0.0328125 0.0421875
1 0.384375 0.36171875 0.03125 0.04375
1 0.37890625 0.26796875 0.0390625 0.0578125
1 0.4265625 0.21328125 0.03125 0.0328125
1 0.44296875 0.16484375 0.028125 0.0375
1 0.39375 0.1875 0.03125 0.0390625
0 0.29609375 0.27734375 0.0484375 0.0859375
1 0.2921875 0.1265625 0.0265625 0.0328125
1 0.36953125 0.17734375 0.0265625 0.040625
1 0.32734375 0.09765625 0.021875 0.0328125
1 0.375 0.05546875 0.0234375 0.0265625
1 0.30546875 0.04375 0.025 0.040625
1 0.3234375 0.01015625 0.025 0.0203125
1 0.37890625 0.00703125 0.0234375 0.0140625