1 0.3109375 0.96796875 0.0296875 0.05078125
1 0.496875 0.94296875 0.03671875 0.05703125
0 0.3296875 0.690625 0.03828125 0.0796875
0 0.36875 0.67890625 0.06328125 0.10078125
0 0.215625 0.88046875 0.0484375 0.16015625
1 0.2625 0.92265625 0.01953125 0.04609375
1 0.2546875 0.8515625 0.02109375 0.04609375
1 0.30390625 0.7046875 0.02265625 0.03984375
1 0.29375 0.678125 0.0125 0.03828125
1 0.29140625 0.61796875 0.01328125 0.034375
1 0.25078125 0.64921875 0.028125 0.0234375
1 0.24375 0.71875 0.02890625 0.04609375
1 0.203125 0.66953125 0.03515625 0.03671875
1 0.21953125 0.584375 0.0171875 0.0265625
1 0.21875 0.56640625 0.015625 0.03046875
1 0.22109375 0.5 0.0109375 0.03203125