1 0.67421875 0.92578125 0.0625 0.0875
0 0.60546875 0.884375 0.1203125 0.2234375
0 0.20546875 0.40078125 0.0609375 0.1671875
0 0.15546875 0.10546875 0.034375 0.06875
1 0.7140625 0.5953125 0.0953125 0.0484375
1 0.87109375 0.5765625 0.0703125 0.05625
1 0.9765625 0.60703125 0.046875 0.0578125
1 0.96875 0.57734375 0.0625 0.0515625
1 0.48359375 0.57890625 0.0546875 0.05
1 0.4875 0.525 0.04375 0.046875
1 0.3390625 0.58125 0.0484375 0.0859375
1 0.3265625 0.53515625 0.0453125 0.075
1 0.234375 0.353125 0.03125 0.0609375
1 0.1859375 0.13203125 0.0203125 0.034375
1 0.321875 0.18046875 0.028125 0.0359375
1 0.17890625 0.10859375 0.0203125 0.028125
1 0.16953125 0.0703125 0.015625 0.0375
1 0.49140625 0.446875 0.040625 0.05625