1 0.37734375 0.98125 0.0359375 0.0375
1 0.55859375 0.9390625 0.04375 0.0609375
0 0.3578125 0.7125 0.0484375 0.084375
0 0.3953125 0.6953125 0.0765625 0.109375
0 0.27109375 0.91640625 0.0703125 0.165625
1 0.3234375 0.9515625 0.025 0.0484375
1 0.30625 0.88203125 0.0265625 0.0484375
1 0.334375 0.7296875 0.028125 0.0421875
1 0.3203125 0.70546875 0.0171875 0.0390625
1 0.31015625 0.64609375 0.0171875 0.0359375
1 0.27421875 0.6828125 0.03125 0.0265625
1 0.2765625 0.75234375 0.034375 0.05
1 0.2296875 0.709375 0.040625 0.040625
1 0.234375 0.62265625 0.0203125 0.028125
1 0.23046875 0.6046875 0.0203125 0.0328125
1 0.2234375 0.5390625 0.015625 0.0328125