0 0.4390625 0.3296875 0.0453125 0.10390625
0 0.2171875 0.35390625 0.0421875 0.1390625
1 0.28515625 0.35703125 0.021875 0.04140625
1 0.48203125 0.503125 0.0375 0.04609375
1 0.315625 0.18046875 0.02421875 0.028125
1 0.39375 0.39296875 0.02578125 0.0390625
1 0.2453125 0.746875 0.04609375 0.1125
1 0.2390625 0.65234375 0.03671875 0.0875
1 0.2390625 0.59296875 0.02578125 0.0359375
1 0.228125 0.56328125 0.0265625 0.05703125
0 0.1953125 0.12734375 0.071875 0.084375
1 0.3140625 0.11328125 0.01796875 0.0234375
1 0.2328125 0.13671875 0.02421875 0.0234375
1 0.940625 0.64921875 0.07265625 0.05703125
1 0.95078125 0.62109375 0.075 0.04453125
1 0.36875 0.26328125 0.01875 0.0234375
0 0.3921875 0.22578125 0.05859375 0.12890625