0 0.54140625 0.82734375 0.0703125 0.1171875
1 0.61484375 0.89453125 0.0359375 0.05
1 0.5015625 0.9734375 0.0375 0.053125
1 0.53046875 0.89609375 0.0359375 0.053125
1 0.55703125 0.79140625 0.0296875 0.0375
1 0.51953125 0.7296875 0.025 0.0375
1 0.4671875 0.76328125 0.025 0.0390625
1 0.43828125 0.7984375 0.0296875 0.0484375
1 0.475 0.896875 0.03125 0.0546875
1 0.44140625 0.928125 0.0375 0.0703125
1 0.39609375 0.78203125 0.0234375 0.0421875
1 0.409375 0.7265625 0.021875 0.034375
1 0.44765625 0.6546875 0.0171875 0.0296875
1 0.44453125 0.6078125 0.0171875 0.03125
1 0.43359375 0.640625 0.021875 0.034375
1 0.41953125 0.65390625 0.021875 0.03125
1 0.409375 0.6359375 0.0203125 0.03125
1 0.3984375 0.7 0.021875 0.028125
1 0.3640625 0.7 0.0234375 0.040625
1 0.38203125 0.66484375 0.01875 0.034375
1 0.3578125 0.66953125 0.0234375 0.03125
1 0.35859375 0.609375 0.0171875 0.0234375
1 0.37734375 0.5453125 0.01875 0.025
1 0.3515625 0.57578125 0.0140625 0.01875
1 0.32734375 0.57421875 0.0140625 0.0203125
1 0.3578125 0.51328125 0.0171875 0.0265625
1 0.3421875 0.55234375 0.0140625 0.0234375
1 0.32578125 0.55390625 0.0109375 0.0140625
1 0.3296875 0.53046875 0.0140625 0.0171875
1 0.321875 0.5015625 0.0140625 0.0265625
1 0.33984375 0.46875 0.0125 0.0171875
1 0.32890625 0.4734375 0.009375 0.0125