0 0.5125 0.7984375 0.0546875 0.09375
0 0.48671875 0.7390625 0.059375 0.096875
0 0.42421875 0.7453125 0.028125 0.0625
0 0.2859375 0.68203125 0.0375 0.07578125
1 0.4484375 0.88125 0.03515625 0.05
1 0.4859375 0.828125 0.03203125 0.04765625
1 0.45625 0.85390625 0.025 0.04609375
1 0.4375 0.8078125 0.0203125 0.03828125
1 0.4109375 0.82109375 0.0234375 0.03671875
1 0.390625 0.7625 0.0203125 0.0359375
1 0.40625 0.68984375 0.0203125 0.028125
1 0.36640625 0.71484375 0.02421875 0.028125
1 0.371875 0.63671875 0.01953125 0.0328125
1 0.346875 0.69609375 0.02578125 0.0359375
1 0.35859375 0.6796875 0.02265625 0.0421875
1 0.31484375 0.540625 0.0203125 0.025