1 0.48828125 0.946875 0.0359375 0.05
1 0.32734375 0.95078125 0.0359375 0.0625
1 0.44765625 0.834375 0.03125 0.04375
1 0.46953125 0.76953125 0.025 0.034375
1 0.446875 0.7765625 0.025 0.0484375
1 0.36640625 0.853125 0.0265625 0.0453125
1 0.37265625 0.928125 0.03125 0.05
1 0.33046875 0.8765625 0.0375 0.05
1 0.3578125 0.76171875 0.0234375 0.0484375
1 0.3234375 0.759375 0.0265625 0.0375
1 0.32265625 0.70546875 0.0265625 0.0421875
1 0.35546875 0.715625 0.0203125 0.046875
0 0.42265625 0.68125 0.0453125 0.0875
1 0.31953125 0.65390625 0.01875 0.034375
1 0.34609375 0.66640625 0.021875 0.0328125
1 0.33515625 0.60703125 0.015625 0.0265625
1 0.38515625 0.665625 0.015625 0.03125
1 0.38203125 0.64453125 0.015625 0.0234375
1 0.41953125 0.59609375 0.01875 0.025
1 0.41171875 0.63984375 0.0203125 0.0203125
1 0.4015625 0.615625 0.0140625 0.0265625
1 0.3765625 0.61171875 0.021875 0.0203125
1 0.38203125 0.63203125 0.01875 0.0234375
1 0.3328125 0.54296875 0.0109375 0.0203125
1 0.3796875 0.53984375 0.01875 0.0265625