0 0.6734375 0.7734375 0.2609375 0.4453125
1 0.3421875 0.35703125 0.05625 0.0890625
1 0.446875 0.6359375 0.075 0.134375
1 0.4796875 0.55234375 0.06875 0.1109375
1 0.61796875 0.5828125 0.05625 0.090625
1 0.57890625 0.47734375 0.0671875 0.1046875
1 0.51484375 0.4703125 0.0578125 0.1
1 0.42734375 0.43984375 0.0640625 0.0953125
1 0.53359375 0.3734375 0.0546875 0.075
1 0.46484375 0.35234375 0.05 0.071875
1 0.4703125 0.22890625 0.04375 0.0609375
1 0.50078125 0.30234375 0.053125 0.071875
1 0.43515625 0.26875 0.05 0.0796875
1 0.37890625 0.3078125 0.046875 0.075
1 0.38671875 0.18515625 0.0453125 0.071875
1 0.34765625 0.203125 0.05625 0.1140625
1 0.28828125 0.19375 0.04375 0.0703125
1 0.25 0.07109375 0.0359375 0.0546875
1 0.2953125 0.07734375 0.034375 0.0515625
1 0.315625 0.13671875 0.0390625 0.053125
1 0.26796875 0.13203125 0.0390625 0.0546875
0 0.35234375 0.07578125 0.0921875 0.140625
1 0.20078125 0.02578125 0.0359375 0.0296875