0 0.24140625 0.51328125 0.09453125 0.19296875
1 0.04453125 0.496875 0.0359375 0.08125
1 0.12109375 0.76171875 0.04609375 0.103125
1 0.11484375 0.3109375 0.03046875 0.04609375
1 0.31328125 0.71875 0.05703125 0.090625
1 0.084375 0.653125 0.04609375 0.0984375
1 0.16171875 0.90390625 0.05625 0.1234375
1 0.4328125 0.96953125 0.065625 0.059375
1 0.31953125 0.91875 0.06953125 0.11484375
1 0.04140625 0.7015625 0.05 0.103125
1 0.04140625 0.109375 0.021875 0.03046875
1 0.01171875 0.35234375 0.0234375 0.0453125
1 0.06484375 0.1609375 0.02109375 0.03359375
0 0.02890625 0.02890625 0.0390625 0.0578125
1 0.0234375 0.0734375 0.02109375 0.02265625
1 0.31328125 0.27734375 0.046875 0.0359375