1 0.36015625 0.58203125 0.040625 0.0515625
1 0.49453125 0.84921875 0.096875 0.096875
1 0.3484375 0.73828125 0.0484375 0.075
1 0.54296875 0.6765625 0.071875 0.065625
1 0.3828125 0.478125 0.0375 0.04375
1 0.47421875 0.61953125 0.046875 0.059375
1 0.2984375 0.4703125 0.0421875 0.05
1 0.25703125 0.790625 0.059375 0.0625
1 0.2890625 0.72734375 0.0453125 0.0765625
1 0.31328125 0.4203125 0.0296875 0.04375
1 0.94765625 0.690625 0.0921875 0.0765625
1 0.99375 0.6609375 0.0125 0.065625
1 0.13984375 0.290625 0.0328125 0.0328125
1 0.10625 0.16171875 0.015625 0.021875
1 0.1484375 0.18046875 0.01875 0.021875
1 0.12109375 0.14609375 0.015625 0.0203125
0 0.12578125 0.11171875 0.0265625 0.05625
1 0.1140625 0.12890625 0.0140625 0.015625