1 0.37109375 0.6890625 0.10859375 0.0984375
1 0.078125 0.328125 0.05234375 0.07421875
1 0.046875 0.971875 0.0859375 0.0546875
1 0.4953125 0.86953125 0.09609375 0.115625
1 0.20703125 0.43828125 0.06484375 0.08515625
1 0.2703125 0.55546875 0.08828125 0.09296875
1 0.1578125 0.609375 0.10859375 0.11328125
1 0.0625 0.490625 0.06953125 0.0890625
1 0.46171875 0.9765625 0.084375 0.0453125
1 0.09140625 0.17421875 0.04765625 0.06640625
1 0.64609375 0.7921875 0.146875 0.10078125
1 0.6921875 0.68203125 0.1171875 0.096875
1 0.9515625 0.6375 0.096875 0.09765625
1 0.971875 0.7375 0.05546875 0.07578125