1 0.4671875 0.7953125 0.0890625 0.1078125
1 0.68203125 0.85 0.06875 0.0875
1 0.33125 0.4140625 0.0359375 0.04375
1 0.4640625 0.94296875 0.071875 0.1140625
1 0.27734375 0.66796875 0.046875 0.071875
1 0.303125 0.315625 0.0296875 0.0390625
1 0.49140625 0.5421875 0.0515625 0.0546875
1 0.384375 0.39375 0.0328125 0.0421875
1 0.63125 0.8828125 0.0671875 0.096875
1 0.459375 0.42578125 0.0390625 0.0484375
0 0.69296875 0.9546875 0.0921875 0.0453125
1 0.73828125 0.92734375 0.0578125 0.06875
1 0.33046875 0.65625 0.0421875 0.059375
1 0.36796875 0.62421875 0.040625 0.06875
1 0.35234375 0.58203125 0.040625 0.0609375
1 0.33046875 0.53671875 0.0421875 0.0546875
1 0.3125 0.603125 0.0421875 0.0796875
1 0.290625 0.578125 0.03125 0.04375
1 0.23359375 0.5203125 0.0375 0.05625
1 0.58203125 0.6328125 0.1109375 0.1015625
1 0.678125 0.7359375 0.059375 0.0828125
1 0.6796875 0.6734375 0.0640625 0.0734375
1 0.7 0.615625 0.084375 0.071875
1 0.77109375 0.63984375 0.0828125 0.0734375
1 0.9921875 0.565625 0.015625 0.05625
1 0.9671875 0.515625 0.065625 0.053125
1 0.42578125 0.38046875 0.034375 0.0390625
1 0.14765625 0.175 0.0171875 0.0296875
1 0.1421875 0.10390625 0.015625 0.0265625