0 0.57578125 0.878125 0.13125 0.240625
1 0.4859375 0.5484375 0.0484375 0.053125
1 0.37578125 0.44140625 0.0234375 0.0390625
1 0.50546875 0.959375 0.053125 0.071875
1 0.48359375 0.8796875 0.0515625 0.0734375
1 0.59765625 0.81796875 0.0421875 0.0765625
1 0.64765625 0.953125 0.0609375 0.0859375
1 0.9546875 0.6578125 0.090625 0.05625
1 0.50078125 0.49453125 0.0359375 0.040625
1 0.34609375 0.61484375 0.03125 0.06875
1 0.3328125 0.5546875 0.0296875 0.0609375
1 0.29453125 0.61171875 0.0390625 0.046875
1 0.24609375 0.69296875 0.0359375 0.0796875
1 0.2375 0.5875 0.0296875 0.065625
1 0.2859375 0.55546875 0.0375 0.053125
1 0.2671875 0.51953125 0.0265625 0.0546875
0 0.3203125 0.278125 0.034375 0.059375
1 0.30390625 0.23671875 0.0234375 0.0375
1 0.325 0.22421875 0.01875 0.028125
1 0.22890625 0.1609375 0.025 0.034375
1 0.2140625 0.1046875 0.0125 0.021875
1 0.20390625 0.06953125 0.01875 0.0171875
1 0.1953125 0.05078125 0.015625 0.0296875
1 0.7140625 0.671875 0.065625 0.0625