0 0.56328125 0.88359375 0.10703125 0.23125
1 0.3828125 0.378125 0.03046875 0.03984375
1 0.5625 0.67890625 0.07421875 0.065625
1 0.42890625 0.55390625 0.0453125 0.0515625
1 0.2796875 0.8640625 0.04609375 0.1
1 0.5140625 0.55078125 0.04765625 0.04921875
0 0.25703125 0.57265625 0.1078125 0.2171875
0 0.18984375 0.07890625 0.028125 0.07578125
1 0.26640625 0.48515625 0.02421875 0.05703125
1 0.3296875 0.56640625 0.03203125 0.08828125
1 0.321875 0.51171875 0.025 0.03984375
1 0.315625 0.48984375 0.03125 0.05703125
1 0.39921875 0.25234375 0.02578125 0.0453125
1 0.49296875 0.4359375 0.03046875 0.0515625
1 0.971875 0.6484375 0.05625 0.05546875
1 0.8625 0.62734375 0.07578125 0.05
1 0.84453125 0.60859375 0.0828125 0.053125
1 0.3375 0.2625 0.0234375 0.03828125
1 0.35859375 0.2359375 0.01875 0.0359375
1 0.34453125 0.16171875 0.01953125 0.0265625
1 0.30703125 0.18359375 0.021875 0.0234375
1 0.221875 0.10625 0.01640625 0.03828125
1 0.2203125 0.0796875 0.01796875 0.01484375
1 0.2140625 0.05859375 0.0140625 0.02890625
1 0.6421875 0.94921875 0.0578125 0.096875
1 0.6125 0.86640625 0.0546875 0.0765625