0 0.55546875 0.490625 0.2640625 0.3234375
0 0.75390625 0.10625 0.0890625 0.134375
1 0.53125 0.95625 0.146875 0.0875
1 0.69765625 0.10078125 0.046875 0.05625
1 0.728125 0.40546875 0.0609375 0.08125
1 0.7734375 0.29765625 0.0390625 0.0640625
1 0.73046875 0.35625 0.04375 0.05
1 0.71953125 0.32421875 0.046875 0.05625
1 0.76796875 0.23984375 0.0390625 0.0578125
1 0.76015625 0.1828125 0.0359375 0.0421875
1 0.71640625 0.23359375 0.04375 0.0515625
1 0.70859375 0.17734375 0.0359375 0.0515625
1 0.60859375 0.02734375 0.04375 0.03125
0 0.5453125 0.2546875 0.09375 0.171875