0 0.2625 0.47734375 0.10703125 0.17109375
0 0.2890625 0.396875 0.07734375 0.13046875
1 0.4015625 0.52734375 0.0359375 0.05390625
1 0.21796875 0.1375 0.034375 0.028125
1 0.2890625 0.12578125 0.01796875 0.0265625
1 0.253125 0.590625 0.03203125 0.0640625
1 0.63203125 0.96875 0.05 0.059375
1 0.478125 0.509375 0.03671875 0.0484375
1 0.4234375 0.36875 0.0265625 0.0375
1 0.4390625 0.43125 0.0296875 0.04296875
1 0.278125 0.06015625 0.01328125 0.0234375
1 0.37265625 0.28046875 0.025 0.0359375
1 0.54921875 0.59765625 0.0734375 0.0515625
1 0.60390625 0.86796875 0.0609375 0.1109375
1 0.56953125 0.971875 0.0609375 0.05546875
1 0.5046875 0.97578125 0.04296875 0.0484375
1 0.4875 0.8984375 0.04765625 0.08359375
1 0.703125 0.690625 0.06640625 0.04296875
1 0.690625 0.65625 0.06796875 0.05703125
1 0.89921875 0.6765625 0.06875 0.05546875
1 0.96875 0.67578125 0.06171875 0.06796875
0 0.3390625 0.56640625 0.05078125 0.125
1 0.45703125 0.36640625 0.0265625 0.0390625
1 0.3609375 0.2296875 0.0171875 0.02890625
1 0.378125 0.2015625 0.0140625 0.028125
1 0.2953125 0.5859375 0.02890625 0.05859375
1 0.5390625 0.87890625 0.04453125 0.0859375