0 0.4609375 0.865625 0.1375 0.26875
1 0.28203125 0.72890625 0.0546875 0.08125
1 0.3734375 0.83671875 0.0609375 0.1
1 0.4890625 0.53828125 0.0421875 0.0578125
1 0.325 0.67109375 0.053125 0.0828125
1 0.7828125 0.915625 0.0703125 0.0765625
1 0.6671875 0.70390625 0.0546875 0.0796875
1 0.3390625 0.58125 0.053125 0.071875
1 0.446875 0.4671875 0.0390625 0.0546875
1 0.4078125 0.4765625 0.034375 0.0453125
1 0.3640625 0.4703125 0.0375 0.0546875
1 0.225 0.434375 0.0375 0.0515625
1 0.22265625 0.3203125 0.0265625 0.0375
1 0.35078125 0.39296875 0.03125 0.0484375
1 0.2921875 0.34921875 0.0265625 0.0328125
1 0.17265625 0.28046875 0.0265625 0.0375
1 0.1921875 0.2453125 0.03125 0.05
1 0.165625 0.209375 0.025 0.034375
1 0.13671875 0.190625 0.025 0.04375
1 0.2765625 0.32109375 0.03125 0.0328125
1 0.27265625 0.25625 0.03125 0.0328125
1 0.2640625 0.29296875 0.0203125 0.025
1 0.25546875 0.27421875 0.0265625 0.0328125
1 0.24296875 0.2515625 0.0265625 0.028125