1 0.5578125 0.9546875 0.06875 0.090625
0 0.5015625 0.89140625 0.1375 0.2171875
0 0.240625 0.328125 0.075 0.1703125
0 0.26953125 0.0328125 0.0390625 0.065625
1 0.68203125 0.646875 0.0984375 0.05625
1 0.8390625 0.6703125 0.0734375 0.0609375
1 0.93984375 0.728125 0.0625 0.0625
1 0.9375 0.6984375 0.075 0.05625
1 0.46328125 0.571875 0.059375 0.0546875
1 0.48125 0.5203125 0.046875 0.05
1 0.3234375 0.5375 0.0546875 0.0875
1 0.3234375 0.4890625 0.0515625 0.0765625
1 0.28203125 0.2890625 0.0359375 0.0625
1 0.2921875 0.06328125 0.021875 0.0359375
1 0.41015625 0.1453125 0.03125 0.0375
1 0.290625 0.0390625 0.021875 0.0296875
1 0.2921875 0.00859375 0.01875 0.0171875
1 0.50546875 0.44609375 0.0453125 0.059375