0 0.36484375 0.24453125 0.0859375 0.1515625
1 0.3125 0.4828125 0.0359375 0.059375
1 0.4046875 0.59453125 0.04375 0.059375
1 0.44375 0.79453125 0.05 0.075
1 0.3171875 0.76015625 0.059375 0.1140625
1 0.34921875 0.90625 0.05625 0.0984375
1 0.2765625 0.67265625 0.0453125 0.078125
0 0.2265625 0.375 0.0515625 0.1296875
1 0.2453125 0.2671875 0.025 0.0375
1 0.21328125 0.49765625 0.0484375 0.0875
1 0.21796875 0.92578125 0.046875 0.084375
1 0.3328125 0.25859375 0.01875 0.03125
1 0.32890625 0.23125 0.0234375 0.034375
1 0.31875 0.2015625 0.0234375 0.03125
1 0.31875 0.17578125 0.01875 0.028125
1 0.31171875 0.08125 0.0203125 0.025