1 0.24765625 0.59375 0.09375 0.1375
1 0.44453125 0.8890625 0.121875 0.1375
0 0.2 0.10546875 0.1 0.1515625
1 0.01640625 0.53359375 0.0328125 0.0890625
1 0.56875 0.8765625 0.1359375 0.109375
1 0.12578125 0.43359375 0.0609375 0.078125
1 0.178125 0.6328125 0.0703125 0.0890625
1 0.18984375 0.88046875 0.09375 0.1265625
1 0.19375 0.28671875 0.046875 0.065625
1 0.015625 0.4265625 0.03125 0.084375
1 0.25859375 0.384375 0.0546875 0.0609375
1 0.2453125 0.32265625 0.0546875 0.059375
1 0.109375 0.10234375 0.0390625 0.0453125
1 0.10703125 0.07109375 0.04375 0.0421875