1 0.5984375 0.73203125 0.065625 0.0765625
1 0.196875 0.65390625 0.053125 0.084375
1 0.41484375 0.55546875 0.0578125 0.0609375
1 0.26328125 0.5421875 0.0421875 0.06875
1 0.3171875 0.56875 0.0484375 0.065625
1 0.4421875 0.50859375 0.0515625 0.0546875
1 0.4953125 0.465625 0.0390625 0.046875
1 0.52265625 0.5890625 0.065625 0.065625
1 0.55078125 0.6453125 0.078125 0.071875
1 0.69140625 0.71171875 0.0921875 0.0734375
1 0.759375 0.66953125 0.084375 0.0609375
1 0.90859375 0.67734375 0.0703125 0.0625
1 0.95546875 0.70546875 0.0359375 0.065625
1 0.8953125 0.7359375 0.0859375 0.0703125
1 0.5859375 0.890625 0.0734375 0.090625
1 0.5296875 0.915625 0.0640625 0.0796875
1 0.540625 0.98828125 0.046875 0.0234375
0 0.4859375 0.94609375 0.109375 0.1078125
2 0.453125 0.41171875 0.0625 0.084375
1 0.465625 0.30859375 0.0296875 0.0359375
1 0.3609375 0.30625 0.040625 0.0515625
1 0.31328125 0.4578125 0.0671875 0.1171875
1 0.41328125 0.2109375 0.0234375 0.0359375
1 0.3546875 0.19453125 0.0203125 0.0359375
1 0.35859375 0.07578125 0.0265625 0.03125
1 0.3484375 0.0375 0.01875 0.021875
1 0.3015625 0.04375 0.021875 0.025
1 0.2796875 0.02109375 0.0140625 0.025
0 0.2796875 0.13515625 0.0609375 0.1046875