0 0.65859375 0.8625 0.1578125 0.2390625
1 0.42265625 0.740625 0.0859375 0.090625
1 0.2296875 0.278125 0.0265625 0.0359375
1 0.475 0.89453125 0.0625 0.103125
1 0.48828125 0.621875 0.0734375 0.0671875
1 0.2828125 0.259375 0.028125 0.034375
1 0.35703125 0.9203125 0.059375 0.096875
1 0.6234375 0.609375 0.08125 0.0703125
1 0.34609375 0.34453125 0.0359375 0.0453125
1 0.52578125 0.54921875 0.0609375 0.065625
1 0.396875 0.4171875 0.04375 0.053125
1 0.35859375 0.6140625 0.0515625 0.0859375
1 0.753125 0.90859375 0.0625 0.0921875
1 0.6890625 0.81171875 0.0625 0.0953125
1 0.18828125 0.37109375 0.0328125 0.0484375
1 0.2296875 0.590625 0.059375 0.096875
1 0.31875 0.659375 0.046875 0.06875
1 0.3 0.609375 0.0546875 0.0703125
1 0.27734375 0.5578125 0.0484375 0.0546875
1 0.2578125 0.51953125 0.0390625 0.0578125
1 0.2421875 0.4734375 0.0390625 0.05625
1 0.1515625 0.22421875 0.025 0.04375
1 0.165625 0.1171875 0.01875 0.03125
1 0.1640625 0.15234375 0.021875 0.03125
1 0.13828125 0.1953125 0.025 0.03125
1 0.1046875 0.190625 0.01875 0.0328125
1 0.13046875 0.18125 0.0171875 0.025
1 0.12109375 0.16328125 0.0171875 0.025