1 0.47265625 0.90703125 0.065625 0.0828125
1 0.21015625 0.778125 0.059375 0.0828125
1 0.43203125 0.58359375 0.0453125 0.05625
1 0.4109375 0.4828125 0.0390625 0.046875
1 0.2859375 0.73359375 0.071875 0.1078125
1 0.22265625 0.6625 0.046875 0.08125
1 0.2703125 0.59765625 0.046875 0.08125
1 0.271875 0.50078125 0.040625 0.071875
1 0.3328125 0.46796875 0.034375 0.0578125
1 0.41171875 0.41328125 0.034375 0.0453125
1 0.41640625 0.33671875 0.028125 0.0375
1 0.27109375 0.4265625 0.0265625 0.0390625
1 0.265625 0.3703125 0.034375 0.0453125
1 0.23515625 0.44609375 0.053125 0.09375
1 0.27109375 0.29921875 0.034375 0.0390625
1 0.26953125 0.23828125 0.028125 0.0390625
1 0.26640625 0.1609375 0.01875 0.0328125
1 0.24609375 0.15 0.0203125 0.0328125
1 0.31171875 0.10546875 0.0234375 0.03125
1 0.3328125 0.1765625 0.021875 0.0234375
1 0.38046875 0.29765625 0.021875 0.0296875
1 0.3640625 0.24375 0.025 0.0296875
1 0.34921875 0.27890625 0.01875 0.028125
1 0.31796875 0.29609375 0.028125 0.0328125
1 0.31640625 0.25234375 0.01875 0.03125
1 0.3453125 0.25234375 0.025 0.025
1 0.31875 0.2734375 0.0234375 0.025
1 0.271875 0.10390625 0.0171875 0.025
0 0.37421875 0.4265625 0.078125 0.1234375