0 0.496875 0.74140625 0.0625 0.1078125
0 0.56875 0.89296875 0.0609375 0.1203125
0 0.3140625 0.95859375 0.05 0.0828125
1 0.43671875 0.85625 0.025 0.0421875
1 0.45703125 0.83515625 0.0203125 0.0375
1 0.4234375 0.828125 0.025 0.0375
1 0.40859375 0.8015625 0.0171875 0.0359375
1 0.42578125 0.75078125 0.0265625 0.0234375
1 0.4 0.77265625 0.0234375 0.0296875
1 0.39140625 0.74609375 0.021875 0.0328125
1 0.32421875 0.56015625 0.0125 0.025
1 0.3203125 0.54140625 0.015625 0.0171875
0 0.4484375 0.7890625 0.040625 0.05625