1 0.45703125 0.5765625 0.053125 0.0671875
1 0.49453125 0.42578125 0.04375 0.05
0 0.25703125 0.34296875 0.084375 0.1609375
0 0.45703125 0.27265625 0.053125 0.0984375
0 0.4640625 0.2046875 0.05 0.0671875
0 0.45625 0.1703125 0.0453125 0.0671875
1 0.6640625 0.7203125 0.08125 0.0671875
1 0.29140625 0.17890625 0.028125 0.034375
1 0.30625 0.1265625 0.034375 0.034375
1 0.296875 0.10546875 0.01875 0.0328125
1 0.490625 0.365625 0.0296875 0.0421875
1 0.4828125 0.31875 0.0234375 0.040625
1 0.36953125 0.00390625 0.0171875 0.0078125