0 0.49140625 0.7984375 0.0609375 0.096875
0 0.4703125 0.7375 0.065625 0.1
0 0.40703125 0.7390625 0.0328125 0.0640625
0 0.2734375 0.66640625 0.0421875 0.078125
1 0.421875 0.8765625 0.0390625 0.0515625
1 0.46328125 0.8265625 0.0359375 0.05
1 0.43203125 0.85 0.028125 0.0484375
1 0.41640625 0.80234375 0.0234375 0.0390625
1 0.3890625 0.8140625 0.0265625 0.0375
1 0.37265625 0.75390625 0.0234375 0.0375
1 0.39296875 0.6828125 0.021875 0.0296875
1 0.3515625 0.7046875 0.0265625 0.0296875
1 0.3625 0.62734375 0.021875 0.034375
1 0.33359375 0.68515625 0.028125 0.0375
1 0.34609375 0.66953125 0.025 0.04375
1 0.3125 0.52734375 0.021875 0.0265625