1 0.253125 0.590625 0.03203125 0.0640625
1 0.3546875 0.39375 0.0265625 0.040625
1 0.290625 0.58984375 0.03203125 0.065625
1 0.4453125 0.4828125 0.0359375 0.0515625
1 0.3875 0.47421875 0.03203125 0.0515625
1 0.628125 0.975 0.0453125 0.05
1 0.6625 0.8796875 0.05625 0.08203125
1 0.56484375 0.97109375 0.0453125 0.0578125
1 0.4984375 0.9765625 0.046875 0.046875
1 0.4875 0.90078125 0.0453125 0.07890625
1 0.5375 0.8765625 0.04453125 0.0640625
1 0.97109375 0.665625 0.0578125 0.071875
1 0.9 0.67734375 0.07734375 0.059375
1 0.84296875 0.6234375 0.071875 0.04140625
1 0.6796875 0.621875 0.08828125 0.05546875
1 0.5375 0.63359375 0.059375 0.05546875
1 0.53828125 0.57578125 0.06875 0.0515625
1 0.3375 0.56640625 0.05078125 0.11640625
1 0.4546875 0.36796875 0.02734375 0.03359375
1 0.42421875 0.39453125 0.021875 0.04140625
1 0.375 0.33515625 0.0234375 0.0375
1 0.3796875 0.20078125 0.01953125 0.03203125
1 0.26875 0.1640625 0.0234375 0.03359375
1 0.246875 0.146875 0.0265625 0.0265625
0 0.221875 0.396875 0.04765625 0.1625
0 0.2109375 0.28984375 0.03984375 0.06796875
1 0.6 0.86171875 0.0515625 0.1265625