1 0.590625 0.67109375 0.0828125 0.071875
1 0.43046875 0.78671875 0.065625 0.0953125
1 0.66328125 0.86015625 0.065625 0.0875
1 0.4328125 0.38125 0.0359375 0.04375
1 0.34375 0.39765625 0.0359375 0.0453125
1 0.68984375 0.59609375 0.0671875 0.05
1 0.471875 0.43671875 0.0390625 0.0515625
1 0.4609375 0.9640625 0.053125 0.071875
1 0.26171875 0.20234375 0.025 0.028125
1 0.24609375 0.2390625 0.0265625 0.0328125
1 0.26640625 0.6515625 0.0453125 0.071875
1 0.61171875 0.88984375 0.0625 0.096875
1 0.23125 0.340625 0.0328125 0.0453125
1 0.67265625 0.6875 0.0640625 0.0796875
1 0.5359375 0.58046875 0.0734375 0.0625
1 0.990625 0.5875 0.01875 0.0625
1 0.9953125 0.54921875 0.009375 0.0546875
1 0.971875 0.53828125 0.05625 0.0515625
1 0.825 0.6 0.0890625 0.071875
1 0.79609375 0.578125 0.0703125 0.05
1 0.7609375 0.64765625 0.0703125 0.06875
1 0.32109375 0.64296875 0.040625 0.0640625
1 0.3609375 0.61171875 0.0359375 0.0578125
1 0.33359375 0.5546875 0.0390625 0.0515625
1 0.31171875 0.5953125 0.0453125 0.065625
1 0.2859375 0.56640625 0.0375 0.0484375
1 0.171875 0.19609375 0.0359375 0.0234375
1 0.17265625 0.325 0.0265625 0.05
1 0.1640625 0.15625 0.0203125 0.034375
1 0.1734375 0.09296875 0.01875 0.028125