0 0.640625 0.86015625 0.1671875 0.2546875
1 0.5546875 0.884375 0.0640625 0.0890625
1 0.34765625 0.43828125 0.0328125 0.0453125
1 0.33671875 0.359375 0.0359375 0.04375
1 0.7328125 0.9171875 0.0734375 0.096875
1 0.66953125 0.82578125 0.0640625 0.1015625
1 0.9859375 0.55625 0.028125 0.109375
1 0.75 0.57265625 0.0953125 0.0796875
1 0.56328125 0.57265625 0.08125 0.075
1 0.51171875 0.48046875 0.0578125 0.0828125
1 0.4375 0.52890625 0.05 0.0578125
1 0.4265625 0.47109375 0.04375 0.059375
1 0.459375 0.42890625 0.034375 0.0453125
1 0.36640625 0.62890625 0.046875 0.053125
1 0.3421875 0.57578125 0.0421875 0.0640625
1 0.31484375 0.64453125 0.05 0.0546875
1 0.30078125 0.59375 0.0484375 0.071875
1 0.26015625 0.63359375 0.046875 0.0625
1 0.28359375 0.728125 0.0515625 0.075
1 0.2875 0.3484375 0.034375 0.0390625
1 0.18203125 0.38046875 0.040625 0.0625
1 0.27109375 0.29609375 0.034375 0.0390625
1 0.24140625 0.2546875 0.03125 0.0390625
1 0.2546875 0.21015625 0.028125 0.046875
1 0.1984375 0.1546875 0.0328125 0.0390625
1 0.1796875 0.128125 0.0203125 0.03125
1 0.15 0.16875 0.0234375 0.0375
1 0.1421875 0.0875 0.01875 0.0234375