0 0.51484375 0.73359375 0.128125 0.2140625
0 0.47890625 0.503125 0.1015625 0.1578125
0 0.2484375 0.35625 0.0828125 0.1625
1 0.61328125 0.721875 0.06875 0.08125
0 0.459375 0.39375 0.075 0.11875
1 0.42109375 0.24375 0.0234375 0.0375
1 0.4140625 0.3375 0.03125 0.0421875
1 0.39296875 0.5296875 0.0296875 0.04375
1 0.41328125 0.2 0.021875 0.046875
1 0.3984375 0.15859375 0.021875 0.0296875
1 0.3484375 0.14921875 0.028125 0.0328125
1 0.38125 0.11796875 0.0234375 0.0375
1 0.365625 0.0859375 0.0171875 0.0234375
1 0.36015625 0.06640625 0.0171875 0.0203125
1 0.35234375 0.04765625 0.0125 0.01875
1 0.3484375 0.0203125 0.0171875 0.015625