1 0.52265625 0.9078125 0.0578125 0.078125
1 0.246875 0.8109375 0.0515625 0.0796875
1 0.4421875 0.59140625 0.0390625 0.053125
1 0.409375 0.49375 0.0359375 0.04375
1 0.315625 0.7578125 0.0609375 0.1046875
1 0.24453125 0.6953125 0.0390625 0.0796875
1 0.284375 0.625 0.0390625 0.0796875
1 0.27421875 0.52890625 0.0328125 0.06875
1 0.3296875 0.48828125 0.0296875 0.05625
1 0.4015625 0.42421875 0.0296875 0.0421875
1 0.39765625 0.34765625 0.025 0.034375
1 0.26328125 0.4546875 0.021875 0.0375
1 0.2515625 0.4 0.03125 0.04375
1 0.23046875 0.47890625 0.04375 0.090625
1 0.2484375 0.328125 0.0296875 0.0375
1 0.2390625 0.26796875 0.0234375 0.0375
1 0.2265625 0.19140625 0.0140625 0.03125
1 0.20546875 0.18359375 0.015625 0.03125
1 0.265625 0.13125 0.0203125 0.0296875
1 0.29453125 0.19921875 0.01875 0.021875
1 0.35703125 0.3140625 0.01875 0.028125
1 0.334375 0.26171875 0.021875 0.028125
1 0.3234375 0.29921875 0.015625 0.028125
1 0.29453125 0.31953125 0.025 0.0296875
1 0.2875 0.2765625 0.015625 0.0296875
1 0.31640625 0.2734375 0.021875 0.0234375
1 0.29296875 0.29765625 0.0203125 0.0234375
1 0.22578125 0.13515625 0.0140625 0.0234375
0 0.36640625 0.44296875 0.065625 0.1203125