0 0.621875 0.8890625 0.10703125 0.21953125
1 0.403125 0.78046875 0.0671875 0.1
1 0.571875 0.68671875 0.07734375 0.0625
1 0.5296875 0.8546875 0.05078125 0.08203125
1 0.37890625 0.41640625 0.03125 0.04140625
1 0.396875 0.31328125 0.02734375 0.04296875
1 0.4921875 0.54375 0.04609375 0.05703125
1 0.26875 0.921875 0.0453125 0.134375
1 0.33828125 0.6 0.034375 0.0640625
1 0.24375 0.6671875 0.03203125 0.06796875
1 0.23515625 0.61484375 0.03125 0.05390625
1 0.290625 0.58671875 0.03203125 0.05390625
1 0.31875 0.528125 0.03046875 0.05
1 0.3203125 0.484375 0.02890625 0.046875
1 0.28828125 0.5421875 0.0328125 0.0484375
1 0.2375 0.5046875 0.04453125 0.04609375
1 0.275 0.46328125 0.02421875 0.059375
0 0.2265625 0.37734375 0.0625 0.1484375
1 0.35 0.1703125 0.02109375 0.0265625
1 0.3234375 0.17109375 0.02109375 0.03359375
1 0.25234375 0.16015625 0.0140625 0.015625
1 0.26328125 0.0703125 0.009375 0.02890625
1 0.9375 0.67265625 0.090625 0.059375
1 0.9078125 0.621875 0.078125 0.053125
1 0.87421875 0.64921875 0.0640625 0.0515625
1 0.65625 0.62109375 0.07265625 0.05546875