1 0.34140625 0.4203125 0.02890625 0.0390625
1 0.33515625 0.84453125 0.04140625 0.084375
1 0.6296875 0.8625 0.040625 0.06953125
1 0.3 0.659375 0.0359375 0.06640625
1 0.2875 0.95390625 0.04921875 0.090625
1 0.18828125 0.178125 0.01640625 0.02578125
1 0.43671875 0.81953125 0.0453125 0.07109375
1 0.6046875 0.978125 0.059375 0.04140625
1 0.53046875 0.7921875 0.04609375 0.06796875
1 0.2953125 0.40625 0.025 0.0265625
1 0.28671875 0.35859375 0.02109375 0.034375
1 0.321875 0.29609375 0.01796875 0.02890625
1 0.31796875 0.2609375 0.0171875 0.025
1 0.17734375 0.1234375 0.01171875 0.02265625
1 0.18671875 0.3125 0.01875 0.03671875
1 0.2171875 0.2953125 0.0203125 0.0421875
1 0.2921875 0.29609375 0.0234375 0.0265625
1 0.27109375 0.32890625 0.02265625 0.028125
1 0.27109375 0.30703125 0.01875 0.02109375
1 0.2625 0.30078125 0.01796875 0.025