0 0.59453125 0.090625 0.0984375 0.1453125
1 0.67421875 0.5671875 0.075 0.109375
1 0.51953125 0.234375 0.0515625 0.071875
1 0.7390625 0.44453125 0.065625 0.0859375
1 0.621875 0.434375 0.0625 0.0921875
1 0.64140625 0.1875 0.0484375 0.0671875
1 0.559375 0.3125 0.05625 0.0828125
1 0.83046875 0.46015625 0.0734375 0.096875
1 0.62578125 0.2515625 0.0515625 0.06875
1 0.5671875 0.146875 0.040625 0.0515625
1 0.6203125 0.05703125 0.03125 0.0515625
1 0.5421875 0.1078125 0.0359375 0.0515625
1 0.5265625 0.07578125 0.0375 0.0390625
1 0.44453125 0.0671875 0.0359375 0.0578125
1 0.47578125 0.12421875 0.0484375 0.065625
1 0.45078125 0.1828125 0.046875 0.06875
0 0.49921875 0.4484375 0.1109375 0.2328125