0 0.4953125 0.54609375 0.06796875 0.153125
1 0.25703125 0.3453125 0.025 0.04609375
1 0.5578125 0.83515625 0.04453125 0.0765625
1 0.6296875 0.7203125 0.05 0.0625
1 0.340625 0.9625 0.04765625 0.071875
1 0.26875 0.93359375 0.04375 0.1328125
1 0.2453125 0.7390625 0.03828125 0.1
1 0.2421875 0.6640625 0.02265625 0.0609375
1 0.225 0.56171875 0.02578125 0.06796875
1 0.359375 0.40234375 0.02109375 0.04296875
1 0.41875 0.284375 0.0234375 0.04140625
1 0.4625 0.378125 0.01953125 0.0390625
1 0.3625 0.315625 0.01796875 0.03046875
1 0.353125 0.2875 0.01640625 0.028125
1 0.3453125 0.26171875 0.02734375 0.02890625
1 0.33515625 0.23984375 0.0125 0.0234375
1 0.3265625 0.21015625 0.02421875 0.0234375
1 0.346875 0.37421875 0.028125 0.0265625
1 0.3375 0.33203125 0.02421875 0.03046875
1 0.32578125 0.30078125 0.0203125 0.0234375
1 0.31796875 0.27890625 0.0203125 0.021875
1 0.3140625 0.25703125 0.01640625 0.028125
1 0.309375 0.23671875 0.01796875 0.0265625
1 0.30625 0.21953125 0.02265625 0.03359375
1 0.290625 0.20703125 0.01640625 0.028125
1 0.25703125 0.0546875 0.0140625 0.02890625
1 0.23515625 0.025 0.009375 0.028125
1 0.21875 0.0375 0.0140625 0.025
0 0.4390625 0.39453125 0.06015625 0.14140625
0 0.3875 0.36328125 0.05234375 0.115625
0 0.2046875 0.05 0.021875 0.0640625
0 0.18984375 0.01953125 0.015625 0.0390625
1 0.70625 0.6859375 0.05859375 0.05
0 0.39140625 0.21875 0.0265625 0.059375