0 0.2375 0.46484375 0.07421875 0.1484375
1 0.6296875 0.77421875 0.040625 0.07109375
1 0.5171875 0.575 0.05546875 0.053125
1 0.53828125 0.88203125 0.0484375 0.075
1 0.4234375 0.4828125 0.02578125 0.04296875
1 0.484375 0.903125 0.05546875 0.109375
1 0.6765625 0.93125 0.05859375 0.0875
1 0.63046875 0.96796875 0.0625 0.0640625
1 0.60546875 0.878125 0.0421875 0.0734375
1 0.57734375 0.98671875 0.0453125 0.0265625
1 0.9578125 0.6265625 0.07578125 0.05
1 0.98828125 0.67734375 0.0234375 0.0453125
1 0.3359375 0.56328125 0.03828125 0.06796875
1 0.2890625 0.5828125 0.03125 0.059375
1 0.2921875 0.53359375 0.03515625 0.05
1 0.3296875 0.509375 0.034375 0.0484375
1 0.43203125 0.40078125 0.021875 0.0375
1 0.465625 0.3765625 0.02734375 0.0359375
1 0.3671875 0.340625 0.02890625 0.04296875
1 0.4015625 0.29453125 0.01796875 0.05859375
1 0.365625 0.22421875 0.03046875 0.0375
1 0.3296875 0.209375 0.02421875 0.04453125
1 0.296875 0.20234375 0.025 0.03203125
1 0.3140625 0.153125 0.02109375 0.03203125
1 0.2484375 0.17109375 0.021875 0.0359375
1 0.2828125 0.11015625 0.01953125 0.0265625
1 0.2890625 0.0703125 0.01796875 0.0265625
1 0.259375 0.05859375 0.01640625 0.028125
1 0.253125 0.0484375 0.03046875 0.028125
1 0.21328125 0.0359375 0.01875 0.03359375