0 0.34921875 0.61640625 0.103125 0.1921875
1 0.46015625 0.40703125 0.0359375 0.05
1 0.621875 0.95390625 0.05625 0.071875
1 0.65703125 0.87890625 0.0609375 0.084375
1 0.53984375 0.91796875 0.059375 0.09375
1 0.3890625 0.36640625 0.028125 0.0421875
1 0.5890625 0.878125 0.059375 0.0859375
1 0.209375 0.23359375 0.0203125 0.0265625
1 0.2921875 0.178125 0.0265625 0.0359375
1 0.18125 0.134375 0.0171875 0.03125
1 0.165625 0.096875 0.01875 0.0234375
1 0.1578125 0.06953125 0.01875 0.0203125
1 0.1546875 0.05078125 0.0203125 0.025
1 0.30234375 0.653125 0.0421875 0.084375