1 0.5125 0.98203125 0.03125 0.0359375
1 0.53984375 0.9765625 0.0234375 0.0421875
1 0.42578125 0.83671875 0.0171875 0.0234375
1 0.48671875 0.83046875 0.0203125 0.0375
1 0.46875 0.8 0.021875 0.025
1 0.41875 0.78671875 0.01875 0.028125
1 0.415625 0.753125 0.0171875 0.0296875
1 0.42421875 0.66015625 0.0109375 0.0234375
1 0.43125 0.71953125 0.0140625 0.0234375
1 0.43046875 0.70234375 0.015625 0.0203125
1 0.52265625 0.890625 0.0234375 0.028125
1 0.52578125 0.9296875 0.021875 0.025
2 0.49375 0.9203125 0.0234375 0.040625
1 0.503125 0.96015625 0.0265625 0.0375