1 0.3453125 0.63984375 0.0359375 0.0703125
1 0.3546875 0.359375 0.028125 0.0390625
1 0.26171875 0.715625 0.0421875 0.0828125
1 0.6046875 0.74609375 0.04375 0.08125
1 0.48125 0.41875 0.03125 0.0453125
1 0.75234375 0.69765625 0.0703125 0.05625
0 0.5625 0.98203125 0.06875 0.0359375
1 0.60859375 0.96875 0.0484375 0.0625
1 0.52421875 0.97421875 0.0484375 0.0515625
1 0.51640625 0.8796875 0.0515625 0.078125
1 0.571875 0.86640625 0.0421875 0.0734375
1 0.65546875 0.7046875 0.0625 0.0640625
1 0.29375 0.61953125 0.03125 0.0546875
1 0.240625 0.559375 0.028125 0.0828125
1 0.2734375 0.51796875 0.028125 0.05
1 0.29296875 0.55234375 0.0421875 0.075
1 0.33515625 0.5375 0.03125 0.0515625
1 0.32578125 0.49140625 0.03125 0.046875
1 0.46328125 0.365625 0.025 0.0453125
1 0.37421875 0.3265625 0.021875 0.03125
1 0.325 0.25 0.028125 0.03125
1 0.34609375 0.215625 0.0203125 0.0328125
1 0.3390625 0.1984375 0.015625 0.028125
1 0.25 0.2296875 0.01875 0.0265625
1 0.321875 0.2265625 0.0171875 0.0296875
1 0.31328125 0.2046875 0.015625 0.0234375
1 0.31171875 0.19296875 0.01875 0.034375
1 0.32890625 0.10859375 0.0140625 0.025
1 0.29765625 0.09296875 0.01875 0.0203125
1 0.25703125 0.00546875 0.0109375 0.0109375