1 0.3484375 0.55625 0.0328125 0.04609375
1 0.43359375 0.84296875 0.08359375 0.08359375
1 0.309375 0.70859375 0.03671875 0.0703125
1 0.51171875 0.68125 0.06328125 0.05625
1 0.38828125 0.4578125 0.03046875 0.03984375
1 0.45390625 0.61328125 0.03828125 0.05390625
1 0.30625 0.4359375 0.03515625 0.0453125
1 0.21015625 0.74375 0.05078125 0.05390625
1 0.253125 0.6875 0.03359375 0.07109375
1 0.3296875 0.3890625 0.0234375 0.03984375
1 0.9078125 0.765625 0.0828125 0.06328125
1 0.978125 0.74765625 0.04296875 0.05859375
1 0.18203125 0.23125 0.02890625 0.02890625
1 0.17109375 0.0984375 0.0125 0.01953125
1 0.209375 0.12421875 0.01640625 0.01875
1 0.18828125 0.0859375 0.0125 0.01875
0 0.19921875 0.05234375 0.0171875 0.05390625
1 0.184375 0.0671875 0.0125 0.01328125