0 0.296875 0.51484375 0.13515625 0.18203125
1 0.38125 0.7875 0.06328125 0.08359375
1 0.48125 0.61015625 0.06015625 0.05703125
1 0.5671875 0.96953125 0.04921875 0.05859375
1 0.48828125 0.9234375 0.053125 0.0890625
1 0.3515625 0.93125 0.046875 0.11796875
1 0.41953125 0.46953125 0.040625 0.046875
1 0.296875 0.60546875 0.034375 0.05
1 0.5015625 0.5546875 0.04140625 0.05703125
1 0.671875 0.66015625 0.08515625 0.04609375
1 0.71875 0.63046875 0.0734375 0.0359375
1 0.88671875 0.6296875 0.090625 0.04296875
1 0.4765625 0.43125 0.03828125 0.0515625
1 0.459375 0.371875 0.02109375 0.0359375
1 0.4375 0.3328125 0.03125 0.0375
1 0.3671875 0.2921875 0.021875 0.0375
2 0.33984375 0.33359375 0.0328125 0.0640625
0 0.22578125 0.19921875 0.0390625 0.090625
0 0.39375 0.21953125 0.03515625 0.0890625
0 0.3234375 0.13984375 0.04296875 0.0734375
1 0.3140625 0.453125 0.02578125 0.0515625
1 0.26328125 0.2375 0.0265625 0.04453125
1 0.2046875 0.109375 0.01015625 0.03046875
1 0.23125 0.1328125 0.015625 0.0265625
1 0.2265625 0.10625 0.01640625 0.0234375
1 0.225 0.07890625 0.01484375 0.0140625