1 0.33671875 0.640625 0.028125 0.06484375
0 0.28984375 0.515625 0.03203125 0.06640625
1 0.3625 0.8453125 0.03359375 0.0484375
1 0.2265625 0.95234375 0.0328125 0.06015625
1 0.2078125 0.628125 0.021875 0.04296875
1 0.15625 0.640625 0.0203125 0.0390625
1 0.33359375 0.953125 0.04609375 0.0609375
1 0.2140625 0.50234375 0.01796875 0.0359375
1 0.19375 0.571875 0.021875 0.0359375
1 0.18359375 0.53515625 0.01171875 0.025
1 0.1734375 0.50390625 0.0125 0.0234375
1 0.17109375 0.471875 0.0140625 0.0171875
0 0.13984375 0.41796875 0.01953125 0.05859375