0 0.375 0.1015625 0.07734375 0.17890625
1 0.1390625 0.15703125 0.04453125 0.0765625
1 0.3015625 0.51328125 0.05546875 0.12578125
1 0.74921875 0.89921875 0.11484375 0.171875
1 0.5796875 0.48046875 0.06484375 0.10546875
1 0.5390625 0.371875 0.0515625 0.07578125
1 0.615625 0.59140625 0.06328125 0.11796875
1 0.47890625 0.22890625 0.0484375 0.07421875
1 0.41484375 0.90078125 0.08046875 0.18203125
1 0.3234375 0.26953125 0.04296875 0.0765625
1 0.44453125 0.434375 0.0578125 0.0953125
1 0.21484375 0.15390625 0.03671875 0.0765625