1 0.48203125 0.67109375 0.05625 0.05625
1 0.4328125 0.57578125 0.0359375 0.0578125
1 0.2828125 0.36796875 0.025 0.04375
1 0.26015625 0.23828125 0.01875 0.0296875
1 0.3734375 0.43046875 0.028125 0.040625
1 0.615625 0.98125 0.046875 0.0328125
1 0.35859375 0.93984375 0.0609375 0.0921875
1 0.66953125 0.74921875 0.0734375 0.065625
1 0.23828125 0.64140625 0.034375 0.08125
1 0.32109375 0.484375 0.028125 0.04375
1 0.2921875 0.31953125 0.021875 0.034375
0 0.53828125 0.9484375 0.0875 0.103125
1 0.77421875 0.86953125 0.090625 0.09375
1 0.74140625 0.71484375 0.0875 0.06875
1 0.30625 0.69609375 0.034375 0.06875
1 0.296875 0.63046875 0.03125 0.065625