1 0.69453125 0.67265625 0.0703125 0.0734375
1 0.259375 0.396875 0.03125 0.0453125
1 0.38984375 0.36640625 0.040625 0.040625
1 0.81953125 0.6140625 0.0890625 0.06875
1 0.53828125 0.65 0.0484375 0.06875
1 0.98828125 0.5625 0.0234375 0.08125
1 0.3015625 0.78828125 0.0609375 0.0984375
1 0.2765625 0.69296875 0.05625 0.0828125
1 0.26640625 0.64453125 0.0234375 0.028125
1 0.2421875 0.609375 0.034375 0.0609375
1 0.23359375 0.44140625 0.034375 0.0453125
1 0.2125 0.37265625 0.034375 0.046875
1 0.25 0.2796875 0.0265625 0.040625
0 0.34375 0.2640625 0.0375 0.0625
0 0.30625 0.30390625 0.0375 0.0671875
0 0.1203125 0.209375 0.0625 0.071875
1 0.1609375 0.21796875 0.0265625 0.0265625
1 0.18125 0.203125 0.025 0.028125
1 0.2171875 0.23359375 0.0265625 0.0296875
1 0.22578125 0.20859375 0.0296875 0.0359375
1 0.259375 0.240625 0.0265625 0.0265625
1 0.27890625 0.26640625 0.01875 0.03125
1 0.1734375 0.27890625 0.028125 0.0375
1 0.16953125 0.24765625 0.028125 0.0328125
1 0.146875 0.2875 0.0171875 0.03125