0 0.7921875 0.91171875 0.09765625 0.175
0 0.70859375 0.5015625 0.05703125 0.08828125
1 0.690625 0.665625 0.0390625 0.06328125
1 0.4953125 0.646875 0.03671875 0.06953125
1 0.615625 0.60234375 0.03125 0.0515625
1 0.76328125 0.634375 0.02890625 0.0515625
1 0.60859375 0.5546875 0.0296875 0.0328125
1 0.52421875 0.51875 0.0296875 0.06328125
1 0.515625 0.4609375 0.028125 0.04921875
1 0.49765625 0.409375 0.0203125 0.03828125
1 0.49375 0.36015625 0.01875 0.03671875
1 0.490625 0.3359375 0.0234375 0.03984375
1 0.4765625 0.2859375 0.01953125 0.03203125
1 0.475 0.2453125 0.01484375 0.02265625
1 0.4671875 0.221875 0.01484375 0.015625
1 0.46328125 0.178125 0.01640625 0.028125
1 0.46015625 0.1484375 0.0109375 0.0171875
1 0.45625 0.11171875 0.01171875 0.0171875
0 0.44609375 0.2390625 0.02421875 0.10859375