0 0.3203125 0.36015625 0.096875 0.1640625
0 0.81640625 0.7984375 0.209375 0.2859375
1 0.5984375 0.7625 0.0703125 0.0984375
1 0.7890625 0.6890625 0.08125 0.1015625
1 0.6765625 0.771875 0.071875 0.10625
1 0.71015625 0.70625 0.0671875 0.10625
1 0.66796875 0.62109375 0.059375 0.0796875
1 0.62109375 0.55703125 0.0546875 0.0703125
1 0.615625 0.6671875 0.0671875 0.090625
1 0.5703125 0.58046875 0.0578125 0.078125
1 0.540625 0.64375 0.071875 0.10625
1 0.24921875 0.41015625 0.0375 0.0640625
1 0.28359375 0.3859375 0.0390625 0.0625
1 0.2609375 0.340625 0.034375 0.0546875
1 0.24765625 0.31171875 0.0328125 0.0578125
1 0.27265625 0.271875 0.034375 0.0515625
1 0.25703125 0.24140625 0.028125 0.0421875
1 0.81015625 0.3 0.090625 0.071875
1 0.88125 0.28359375 0.0671875 0.0625