1 0.22890625 0.7359375 0.025 0.0453125
1 0.20390625 0.628125 0.02109375 0.03359375
1 0.2671875 0.93203125 0.0234375 0.07265625
1 0.525 0.85859375 0.04609375 0.0453125
1 0.18984375 0.571875 0.01484375 0.025
1 0.2234375 0.5328125 0.01015625 0.0234375
1 0.2390625 0.50859375 0.0140625 0.01953125
1 0.23125 0.49609375 0.0125 0.015625
1 0.21640625 0.5234375 0.01640625 0.02265625
1 0.18125 0.53203125 0.01484375 0.01953125
1 0.17265625 0.5078125 0.01015625 0.0234375
0 0.21875 0.4265625 0.0234375 0.0515625
0 0.2125 0.49921875 0.01953125 0.03828125