0 0.58359375 0.4859375 0.13125 0.25625
1 0.3296875 0.7234375 0.0609375 0.115625
1 0.415625 0.93828125 0.0703125 0.1125
1 0.4 0.6484375 0.05625 0.1015625
1 0.69765625 0.7828125 0.0703125 0.0953125
1 0.29921875 0.32578125 0.040625 0.0703125
1 0.45390625 0.3515625 0.0375 0.0578125
1 0.4046875 0.075 0.0296875 0.04375
1 0.4921875 0.30390625 0.0359375 0.0546875
1 0.4359375 0.09296875 0.0296875 0.04375
1 0.48515625 0.215625 0.034375 0.05
1 0.528125 0.2578125 0.0359375 0.0546875
1 0.51015625 0.16796875 0.0296875 0.046875
1 0.4890625 0.08359375 0.0265625 0.0390625
1 0.484375 0.51171875 0.046875 0.075