1 0.4109375 0.46875 0.034375 0.0484375
1 0.50625 0.9046875 0.053125 0.090625
1 0.6296875 0.86875 0.0625 0.08125
1 0.4640625 0.4125 0.03125 0.0421875
1 0.66328125 0.6890625 0.0609375 0.065625
1 0.29453125 0.96796875 0.0546875 0.0640625
0 0.60234375 0.95390625 0.0859375 0.0875
0 0.31875 0.484375 0.071875 0.18125
0 0.25234375 0.52578125 0.0890625 0.1453125
0 0.240625 0.4140625 0.0546875 0.08125
1 0.65390625 0.95 0.053125 0.0875
1 0.34140625 0.61484375 0.0359375 0.075
1 0.2984375 0.61171875 0.0296875 0.06875