1 0.30703125 0.7828125 0.071875 0.0875
1 0.271875 0.43359375 0.0296875 0.053125
1 0.30390625 0.85703125 0.046875 0.0953125
1 0.246875 0.878125 0.0515625 0.109375
1 0.8921875 0.69921875 0.084375 0.0578125
1 0.41328125 0.33125 0.0328125 0.0421875
1 0.2734375 0.63671875 0.05 0.06875
1 0.23515625 0.73359375 0.0453125 0.1125
1 0.2328125 0.640625 0.0390625 0.0734375
1 0.21953125 0.5359375 0.025 0.0609375
0 0.24296875 0.1796875 0.034375 0.071875
0 0.3359375 0.12265625 0.021875 0.040625
0 0.72578125 0.64609375 0.1328125 0.078125
1 0.83359375 0.63984375 0.084375 0.059375
1 0.72265625 0.68984375 0.075 0.0609375
1 0.96640625 0.69921875 0.05 0.0640625
1 0.975 0.65 0.0390625 0.0484375
1 0.3125 0.134375 0.0234375 0.03125
1 0.23671875 0.23359375 0.0234375 0.0390625
1 0.26015625 0.15546875 0.015625 0.01875
1 0.2203125 0.1640625 0.009375 0.0203125
1 0.21328125 0.2015625 0.0140625 0.0234375
1 0.2109375 0.24609375 0.0171875 0.0375