1 0.48359375 0.6734375 0.053125 0.05546875
1 0.309375 0.70859375 0.03671875 0.07109375
1 0.39375 0.8890625 0.0765625 0.0953125
1 0.5625 0.7578125 0.07421875 0.05859375
1 0.25390625 0.68359375 0.03203125 0.06953125
1 0.38046875 0.64453125 0.04296875 0.06015625
1 0.40078125 0.5875 0.03671875 0.053125
1 0.71484375 0.7265625 0.07421875 0.05390625
1 0.8390625 0.7234375 0.065625 0.0453125
1 0.92109375 0.73046875 0.0640625 0.05390625
1 0.97578125 0.74765625 0.0484375 0.07265625
1 0.91171875 0.76640625 0.07890625 0.05390625
1 0.303125 0.3125 0.0234375 0.0359375
1 0.2671875 0.3046875 0.0234375 0.0359375
1 0.22109375 0.25390625 0.028125 0.02890625
1 0.24609375 0.190625 0.01484375 0.0234375
1 0.20703125 0.12578125 0.01484375 0.0234375
1 0.1921875 0.096875 0.01640625 0.01953125
0 0.20546875 0.07734375 0.0203125 0.04609375
1 0.184375 0.07578125 0.00859375 0.015625