0 0.425 0.1984375 0.059375 0.1015625
1 0.3296875 0.0296875 0.0140625 0.0203125
1 0.3234375 0.67890625 0.0390625 0.071875
1 0.609375 0.95234375 0.059375 0.0953125
1 0.575 0.85390625 0.0484375 0.1109375
1 0.5953125 0.7796875 0.04375 0.0765625
1 0.6015625 0.73984375 0.0453125 0.0640625
1 0.70078125 0.69921875 0.09375 0.084375
0 0.453125 0.57578125 0.0578125 0.103125
1 0.2890625 0.5265625 0.034375 0.0625
1 0.21796875 0.7140625 0.0609375 0.109375
1 0.22734375 0.61640625 0.0421875 0.0921875
1 0.2296875 0.57109375 0.0265625 0.034375
1 0.21953125 0.525 0.028125 0.0609375
1 0.2984375 0.28125 0.0234375 0.0359375
1 0.3640625 0.3390625 0.0234375 0.040625
1 0.39453125 0.3453125 0.0265625 0.034375
1 0.46953125 0.3734375 0.0234375 0.034375
1 0.296875 0.003125 0.015625 0.00625
1 0.2515625 0.06328125 0.0171875 0.028125
0 0.3453125 0.23671875 0.0328125 0.0625
1 0.4171875 0.3015625 0.028125 0.034375
1 0.3875 0.31484375 0.025 0.034375
1 0.35078125 0.31484375 0.028125 0.0359375
1 0.35390625 0.29609375 0.0234375 0.0328125
1 0.3453125 0.2703125 0.021875 0.028125
1 0.3828125 0.28828125 0.0296875 0.028125
1 0.38515625 0.2640625 0.021875 0.025
1 0.39921875 0.2453125 0.01875 0.0328125
1 0.3953125 0.21328125 0.01875 0.0234375
1 0.375 0.24609375 0.0171875 0.0171875
1 0.37421875 0.22890625 0.01875 0.0234375
1 0.3671875 0.2109375 0.01875 0.0234375
1 0.3609375 0.18359375 0.03125 0.0328125
1 0.340625 0.20546875 0.028125 0.03125
1 0.33359375 0.18671875 0.028125 0.028125