1 0.471875 0.553125 0.053125 0.059375
1 0.36328125 0.83671875 0.0625 0.11875
1 0.440625 0.3390625 0.025 0.0390625
1 0.5421875 0.9109375 0.053125 0.090625
1 0.5734375 0.6734375 0.078125 0.0640625
1 0.625 0.96015625 0.059375 0.0765625
1 0.6109375 0.87421875 0.05 0.090625
1 0.65078125 0.7078125 0.05 0.0625
1 0.2890625 0.6 0.034375 0.0390625
1 0.34296875 0.60234375 0.0390625 0.053125
1 0.33046875 0.53203125 0.03125 0.034375
1 0.32265625 0.496875 0.03125 0.0484375
1 0.31484375 0.4703125 0.03125 0.0515625
1 0.29609375 0.38984375 0.028125 0.040625
1 0.2640625 0.45546875 0.025 0.046875
1 0.2765625 0.5015625 0.034375 0.04375
1 0.2859375 0.54765625 0.034375 0.0484375
1 0.23125 0.5421875 0.0328125 0.0515625
1 0.35 0.346875 0.034375 0.040625
1 0.353125 0.30625 0.028125 0.03125
1 0.38046875 0.2671875 0.01875 0.034375
1 0.3625 0.23046875 0.0125 0.01875
1 0.34453125 0.27734375 0.015625 0.028125
1 0.3390625 0.246875 0.01875 0.021875
1 0.3046875 0.23984375 0.025 0.0265625
1 0.33125 0.22421875 0.021875 0.0125
1 0.3265625 0.209375 0.0171875 0.025
1 0.315625 0.15703125 0.021875 0.03125
1 0.3015625 0.2140625 0.015625 0.025
1 0.296875 0.20234375 0.015625 0.0234375
1 0.81484375 0.678125 0.0890625 0.0515625
1 0.82265625 0.6296875 0.0765625 0.040625
1 0.690625 0.6203125 0.090625 0.05625