1 0.51328125 0.68515625 0.046875 0.065625
1 0.475 0.4328125 0.0359375 0.0453125
1 0.43203125 0.38046875 0.03125 0.040625
1 0.70859375 0.65546875 0.05625 0.065625
1 0.328125 0.39765625 0.03125 0.0453125
1 0.446875 0.88359375 0.05625 0.096875
1 0.26171875 0.64453125 0.04375 0.0640625
1 0.32421875 0.546875 0.04375 0.0625
1 0.81171875 0.63203125 0.0984375 0.0734375
1 0.97265625 0.5421875 0.0546875 0.0625
1 0.165625 0.2578125 0.0484375 0.0484375
1 0.17109375 0.19921875 0.0453125 0.034375
1 0.22890625 0.17109375 0.0265625 0.0359375
1 0.18984375 0.11796875 0.01875 0.0234375