0 0.3390625 0.26015625 0.07109375 0.14453125
1 0.31171875 0.50234375 0.0296875 0.05625
1 0.41484375 0.60390625 0.03828125 0.05625
1 0.475 0.7984375 0.04296875 0.0703125
1 0.3453125 0.778125 0.0484375 0.109375
1 0.3921875 0.91953125 0.04609375 0.09453125
1 0.29609375 0.6953125 0.03828125 0.07421875
0 0.21484375 0.40390625 0.0390625 0.12578125
1 0.22265625 0.2953125 0.021875 0.0359375
1 0.21484375 0.52734375 0.03984375 0.08359375
1 0.2640625 0.953125 0.0390625 0.08046875
1 0.30859375 0.27734375 0.01640625 0.03046875
1 0.3015625 0.25078125 0.01953125 0.0328125
1 0.28828125 0.221875 0.0203125 0.02890625
1 0.2859375 0.196875 0.015625 0.0265625
1 0.26875 0.103125 0.0171875 0.0234375