0 0.4203125 0.27265625 0.040625 0.1109375
1 0.41484375 0.496875 0.0390625 0.0546875
1 0.4265625 0.36015625 0.0328125 0.040625
1 0.49453125 0.4453125 0.0359375 0.046875
1 0.28671875 0.57421875 0.0421875 0.071875
1 0.33203125 0.55546875 0.040625 0.06875
1 0.95546875 0.65078125 0.0734375 0.053125
1 0.8765625 0.66953125 0.084375 0.053125
2 0.85 0.696875 0.078125 0.05625
1 0.37890625 0.315625 0.021875 0.0390625
1 0.35234375 0.203125 0.01875 0.0296875
0 0.23125 0.39609375 0.0625 0.1609375
1 0.23671875 0.8859375 0.0625 0.140625