1 0.22265625 0.703125 0.0484375 0.09375
1 0.43125 0.89765625 0.0578125 0.0828125
1 0.57578125 0.9734375 0.0609375 0.053125
1 0.56015625 0.90703125 0.059375 0.084375
1 0.44375 0.96875 0.0578125 0.059375
0 0.496875 0.896875 0.0890625 0.16875
1 0.94453125 0.72109375 0.071875 0.071875
1 0.3265625 0.571875 0.040625 0.0609375
1 0.28203125 0.5734375 0.0390625 0.0578125
1 0.26796875 0.5140625 0.0390625 0.065625
1 0.3171875 0.46171875 0.0390625 0.0625
1 0.33515625 0.51796875 0.04375 0.06875
1 0.4375 0.28046875 0.028125 0.040625