0 0.52734375 0.58359375 0.1046875 0.1734375
0 0.578125 0.89765625 0.1359375 0.2015625
0 0.29296875 0.25390625 0.0546875 0.090625
1 0.41015625 0.54765625 0.046875 0.065625
1 0.5546875 0.74609375 0.0515625 0.0703125
1 0.32109375 0.39609375 0.03125 0.040625
1 0.78671875 0.93359375 0.059375 0.0546875
1 0.71171875 0.8890625 0.0546875 0.0953125
1 0.6421875 0.91953125 0.0609375 0.0953125
1 0.69140625 0.67890625 0.0703125 0.0625
1 0.76171875 0.65 0.0953125 0.0703125
1 0.50234375 0.48125 0.05 0.059375
1 0.35234375 0.76875 0.0484375 0.0765625
1 0.3796875 0.66953125 0.0453125 0.0640625
1 0.3265625 0.66875 0.05 0.0765625
1 0.26953125 0.696875 0.0453125 0.06875
1 0.29375 0.78828125 0.059375 0.0734375
1 0.365625 0.403125 0.025 0.034375
1 0.38515625 0.3625 0.0328125 0.034375
1 0.26484375 0.28203125 0.0203125 0.0328125
1 0.2578125 0.26328125 0.028125 0.0265625
1 0.2453125 0.23359375 0.0265625 0.0328125
1 0.203125 0.2546875 0.0234375 0.028125
1 0.21328125 0.33984375 0.028125 0.0328125
0 0.2484375 0.603125 0.05625 0.121875