0 0.31015625 0.23984375 0.075 0.10625
0 0.21328125 0.2078125 0.065625 0.0875
1 0.46015625 0.8703125 0.0625 0.1015625
1 0.509375 0.97109375 0.0625 0.0578125
1 0.290625 0.76875 0.0546875 0.084375
1 0.29296875 0.38515625 0.0390625 0.05
1 0.2640625 0.33046875 0.034375 0.05
1 0.2328125 0.2796875 0.025 0.0375
1 0.271875 0.28671875 0.03125 0.0390625
1 0.25078125 0.2609375 0.0265625 0.0296875
1 0.1578125 0.28515625 0.0265625 0.0359375
1 0.153125 0.2515625 0.03125 0.0390625
1 0.13828125 0.21875 0.034375 0.0359375
1 0.1296875 0.1078125 0.0203125 0.0296875
1 0.7671875 0.6171875 0.0890625 0.065625
0 0.41875 0.903125 0.134375 0.19375
1 0.11015625 0.08984375 0.015625 0.021875