1 0.41015625 0.46484375 0.040625 0.053125
1 0.3828125 0.86171875 0.059375 0.109375
1 0.48359375 0.4484375 0.0375 0.046875
1 0.46875 0.96796875 0.059375 0.0640625
1 0.65390625 0.7078125 0.05625 0.0765625
1 0.7328125 0.659375 0.0703125 0.05
1 0.3453125 0.27421875 0.0203125 0.0421875
1 0.2796875 0.2828125 0.025 0.0328125
1 0.29296875 0.24921875 0.0265625 0.034375
1 0.30703125 0.21640625 0.028125 0.034375
1 0.28203125 0.23046875 0.0171875 0.03125
1 0.27578125 0.19296875 0.0203125 0.028125
1 0.18984375 0.1859375 0.0203125 0.0234375
1 0.21171875 0.11875 0.0203125 0.0171875
1 0.27109375 0.26484375 0.0296875 0.0359375
1 0.26171875 0.2359375 0.0203125 0.0296875