1 0.46328125 0.36640625 0.0296875 0.0421875
1 0.29296875 0.33203125 0.0296875 0.0421875
1 0.33515625 0.27265625 0.028125 0.0390625
1 0.328125 0.55 0.0390625 0.065625
0 0.23203125 0.42421875 0.053125 0.134375
1 0.2796875 0.25 0.0234375 0.04375
1 0.2453125 0.22421875 0.021875 0.0359375
1 0.2734375 0.18515625 0.0203125 0.0421875
1 0.25234375 0.1546875 0.0140625 0.025
1 0.2546875 0.1078125 0.0140625 0.0203125
0 0.22265625 0.084375 0.0359375 0.0703125
1 0.93515625 0.678125 0.09375 0.0796875
1 0.85859375 0.63515625 0.0671875 0.0484375
1 0.78203125 0.66484375 0.0796875 0.0375
1 0.44921875 0.33125 0.01875 0.034375