0 0.58125 0.47578125 0.10234375 0.24609375
1 0.3578125 0.7421875 0.04765625 0.11015625
1 0.46953125 0.9453125 0.05703125 0.10703125
1 0.41875 0.659375 0.04453125 0.096875
1 0.73046875 0.75703125 0.06015625 0.08828125
1 0.2796875 0.3515625 0.0328125 0.06640625
1 0.4359375 0.35859375 0.03125 0.05390625
1 0.35390625 0.08984375 0.02421875 0.040625
1 0.46796875 0.30625 0.03046875 0.0515625
1 0.38671875 0.10390625 0.02421875 0.04140625
1 0.45078125 0.21953125 0.028125 0.046875
1 0.4984375 0.25625 0.03046875 0.05078125
1 0.46953125 0.16953125 0.02421875 0.04453125
1 0.43828125 0.08828125 0.02265625 0.0359375
1 0.4859375 0.51328125 0.03828125 0.07109375