0 0.56328125 0.88359375 0.10703125 0.23125
1 0.43828125 0.52421875 0.04140625 0.0515625
0 0.24296875 0.53203125 0.09453125 0.20625
1 0.38515625 0.70078125 0.07265625 0.078125
1 0.3328125 0.56875 0.03515625 0.084375
1 0.3203125 0.5140625 0.0328125 0.04921875
1 0.3125 0.471875 0.02109375 0.03046875
1 0.25859375 0.4390625 0.03359375 0.05546875
1 0.3359375 0.35625 0.025 0.040625
1 0.40859375 0.38359375 0.025 0.03984375
1 0.4171875 0.34609375 0.0234375 0.040625
1 0.45703125 0.46015625 0.02734375 0.0453125
1 0.4921875 0.4390625 0.02890625 0.04765625
1 0.64296875 0.61875 0.0828125 0.0515625
1 0.89375 0.6296875 0.06640625 0.05
1 0.9703125 0.64609375 0.059375 0.0609375
1 0.98515625 0.59453125 0.0296875 0.04921875
1 0.64296875 0.94765625 0.05234375 0.096875
1 0.615625 0.86875 0.04296875 0.059375
1 0.303125 0.1828125 0.0171875 0.03203125
1 0.33359375 0.18984375 0.02421875 0.03828125
1 0.346875 0.165625 0.0234375 0.03203125
1 0.1953125 0.1390625 0.01328125 0.01875
0 0.18984375 0.08359375 0.028125 0.06875
1 0.21875 0.1046875 0.01328125 0.0265625
1 0.26328125 0.0859375 0.01484375 0.03203125