0 0.5625 0.88046875 0.12265625 0.2359375
1 0.484375 0.54765625 0.046875 0.0515625
1 0.378125 0.4375 0.02265625 0.0390625
1 0.4890625 0.959375 0.05078125 0.06953125
1 0.4703125 0.87890625 0.04921875 0.071875
1 0.58671875 0.82109375 0.0390625 0.075
1 0.63203125 0.9578125 0.0578125 0.084375
1 0.95234375 0.6734375 0.0953125 0.053125
1 0.50078125 0.49453125 0.034375 0.0390625
1 0.3421875 0.609375 0.028125 0.06796875
1 0.33125 0.54921875 0.02734375 0.059375
1 0.290625 0.6046875 0.03671875 0.04609375
1 0.23984375 0.684375 0.0328125 0.078125
1 0.234375 0.578125 0.028125 0.0640625
1 0.284375 0.54765625 0.03515625 0.0515625
1 0.26640625 0.51171875 0.025 0.05390625
0 0.328125 0.271875 0.03203125 0.05859375
1 0.31328125 0.2296875 0.021875 0.0375
1 0.334375 0.21796875 0.01796875 0.028125
1 0.240625 0.1515625 0.0234375 0.03359375
1 0.228125 0.0953125 0.01171875 0.02109375
1 0.21875 0.059375 0.01875 0.01640625
1 0.2109375 0.040625 0.01484375 0.02890625
1 0.7078125 0.67890625 0.06328125 0.0609375