1 0.1953125 0.15546875 0.0359375 0.08125
1 0.3484375 0.17109375 0.0390625 0.0609375
1 0.2515625 0.25078125 0.04375 0.0953125
1 0.50390625 0.64453125 0.0703125 0.125
1 0.1484375 0.15078125 0.0390625 0.078125
1 0.2859375 0.4875 0.0453125 0.096875
1 0.42734375 0.4 0.053125 0.0875
1 0.5421875 0.3734375 0.053125 0.078125
1 0.57890625 0.48203125 0.0671875 0.10625
1 0.48359375 0.23046875 0.05 0.075
1 0.61328125 0.59375 0.0640625 0.1171875
1 0.415625 0.19375 0.040625 0.0609375
1 0.721875 0.878125 0.125 0.1640625
1 0.1953125 0.00703125 0.028125 0.0140625