1 0.62421875 0.978125 0.0328125 0.04296875
1 0.67578125 0.98359375 0.04140625 0.03125
0 0.71328125 0.9421875 0.04140625 0.115625
0 0.6890625 0.8921875 0.046875 0.11796875
1 0.52421875 0.84296875 0.04453125 0.06484375
1 0.48515625 0.896875 0.0234375 0.04765625
0 0.45234375 0.83984375 0.0265625 0.06328125
1 0.4828125 0.8171875 0.03671875 0.03984375
1 0.496875 0.665625 0.01640625 0.034375
1 0.51015625 0.6515625 0.01875 0.01953125
1 0.49140625 0.58359375 0.01328125 0.0265625
1 0.446875 0.55703125 0.01484375 0.01328125