0 0.4953125 0.8296875 0.05546875 0.1109375
1 0.55859375 0.90703125 0.0296875 0.04609375
1 0.43515625 0.971875 0.0296875 0.05546875
1 0.475 0.89609375 0.0296875 0.04921875
1 0.515625 0.79609375 0.025 0.034375
1 0.4875 0.73046875 0.02109375 0.034375
1 0.43046875 0.75625 0.01953125 0.03671875
1 0.39765625 0.78671875 0.02421875 0.0453125
1 0.4203125 0.88984375 0.02421875 0.0515625
1 0.38203125 0.915625 0.028125 0.06640625
1 0.3578125 0.76484375 0.01875 0.03984375
1 0.37890625 0.71171875 0.0171875 0.03203125
1 0.4265625 0.64609375 0.0140625 0.028125
1 0.4296875 0.59921875 0.0140625 0.02890625
1 0.41484375 0.6296875 0.01796875 0.03203125
1 0.39921875 0.64140625 0.01875 0.02890625
1 0.39140625 0.621875 0.01640625 0.02890625
1 0.371875 0.68359375 0.01796875 0.0265625
1 0.3375 0.67890625 0.01875 0.03828125
1 0.36015625 0.646875 0.01484375 0.03203125
1 0.3359375 0.6484375 0.01953125 0.028125
1 0.34453125 0.58828125 0.01484375 0.02109375
1 0.371875 0.528125 0.01640625 0.0234375
1 0.3421875 0.5546875 0.01171875 0.0171875
1 0.31875 0.54921875 0.01171875 0.01953125
1 0.35703125 0.49296875 0.01328125 0.025
1 0.33671875 0.5296875 0.0109375 0.02265625
1 0.3203125 0.52890625 0.00859375 0.01328125
1 0.32734375 0.50625 0.01171875 0.015625
1 0.3234375 0.4765625 0.0109375 0.025
1 0.34609375 0.446875 0.01015625 0.015625
1 0.334375 0.45 0.0078125 0.0109375