0 0.17421875 0.7796875 0.140625 0.25
1 0.41328125 0.3921875 0.0359375 0.04375
1 0.26875 0.37890625 0.0359375 0.0515625
1 0.2671875 0.6671875 0.053125 0.0765625
1 0.3875 0.5484375 0.05 0.0609375
1 0.3296875 0.4484375 0.0390625 0.05
1 0.2171875 0.63515625 0.0484375 0.0796875
1 0.33046875 0.3921875 0.0296875 0.04375
1 0.371875 0.2625 0.021875 0.0296875
1 0.3453125 0.25625 0.0265625 0.0296875
1 0.31640625 0.2828125 0.0296875 0.0328125
1 0.31953125 0.259375 0.0265625 0.0296875
1 0.315625 0.24765625 0.0296875 0.0359375
1 0.24765625 0.140625 0.021875 0.03125
1 0.26640625 0.1078125 0.021875 0.03125
1 0.271875 0.04296875 0.015625 0.025
1 0.30078125 0.00859375 0.0171875 0.0171875