1 0.23671875 0.72265625 0.04375 0.09375
1 0.36171875 0.8140625 0.0484375 0.096875
1 0.5703125 0.82421875 0.05 0.078125
1 0.25859375 0.1796875 0.021875 0.03125
1 0.471875 0.94609375 0.05625 0.09375
1 0.63515625 0.96171875 0.0921875 0.0765625
1 0.471875 0.65859375 0.0390625 0.059375
1 0.49140625 0.5625 0.040625 0.0546875
1 0.340625 0.6140625 0.0453125 0.0734375
1 0.52734375 0.68125 0.0421875 0.0609375
1 0.3546875 0.36953125 0.0296875 0.0390625
1 0.3171875 0.97421875 0.0390625 0.034375
1 0.4703125 0.4453125 0.028125 0.04375
1 0.34921875 0.209375 0.0296875 0.034375
1 0.4125 0.60234375 0.040625 0.065625
0 0.4375 0.52734375 0.0453125 0.090625